0.0082,0.0128,-0.9409,0.3383 timestamp: 1512295199338
0.0083,0.0128,-0.9390,0.3436 timestamp: 1512295199357
0.0084,0.0128,-0.9369,0.3493 timestamp: 1512295199378
0.0086,0.0128,-0.9346,0.3554 timestamp: 1512295199418
0.0087,0.0128,-0.9322,0.3616 timestamp: 1512295199420
0.0088,0.0127,-0.9296,0.3682 timestamp: 1512295199438
0.0090,0.0127,-0.9268,0.3752 timestamp: 1512295199458
0.0091,0.0127,-0.9236,0.3830 timestamp: 1512295199498
0.0091,0.0126,-0.9202,0.3911 timestamp: 1512295199517
0.0092,0.0126,-0.9165,0.3997 timestamp: 1512295199538
0.0094,0.0126,-0.9121,0.4097 timestamp: 1512295199579
0.0096,0.0126,-0.9075,0.4198 timestamp: 1512295199585
0.0097,0.0124,-0.8992,0.4373 timestamp: 1512295199599
0.0098,0.0123,-0.8930,0.4498 timestamp: 1512295199638
0.0099,0.0122,-0.8863,0.4628 timestamp: 1512295199641
0.0102,0.0122,-0.8794,0.4758 timestamp: 1512295199658
0.0103,0.0121,-0.8720,0.4892 timestamp: 1512295199678
0.0104,0.0119,-0.8634,0.5043 timestamp: 1512295199718
0.0106,0.0119,-0.8533,0.5212 timestamp: 1512295199721
0.0108,0.0118,-0.8429,0.5378 timestamp: 1512295199758
0.0110,0.0117,-0.8328,0.5533 timestamp: 1512295199760
0.0111,0.0115,-0.8234,0.5672 timestamp: 1512295199777
0.0113,0.0114,-0.8146,0.5798 timestamp: 1512295199819
0.0115,0.0111,-0.8034,0.5952 timestamp: 1512295199825
0.0118,0.0111,-0.7915,0.6110 timestamp: 1512295199838
0.0119,0.0109,-0.7803,0.6252 timestamp: 1512295199879
0.0122,0.0106,-0.7625,0.6468 timestamp: 1512295199887
0.0123,0.0105,-0.7523,0.6586 timestamp: 1512295199918
0.0124,0.0103,-0.7419,0.6703 timestamp: 1512295199927
0.0126,0.0098,-0.7204,0.6934 timestamp: 1512295199940
0.0128,0.0095,-0.7035,0.7105 timestamp: 1512295199977
0.0128,0.0094,-0.6925,0.7212 timestamp: 1512295199981
0.0131,0.0093,-0.6742,0.7384 timestamp: 1512295199997
0.0132,0.0090,-0.6592,0.7518 timestamp: 1512295200017
0.0133,0.0086,-0.6429,0.7658 timestamp: 1512295200038
0.0134,0.0085,-0.6295,0.7768 timestamp: 1512295200076
0.0135,0.0084,-0.6158,0.7877 timestamp: 1512295200079
0.0136,0.0082,-0.6025,0.7980 timestamp: 1512295200098
0.0137,0.0080,-0.5883,0.8085 timestamp: 1512295200137
0.0138,0.0078,-0.5711,0.8207 timestamp: 1512295200139
0.0138,0.0074,-0.5527,0.8332 timestamp: 1512295200158
0.0139,0.0073,-0.5413,0.8407 timestamp: 1512295200177
0.0140,0.0069,-0.5246,0.8512 timestamp: 1512295200218
0.0140,0.0067,-0.5072,0.8617 timestamp: 1512295200221
0.0141,0.0065,-0.4912,0.8709 timestamp: 1512295200237
0.0142,0.0063,-0.4756,0.8795 timestamp: 1512295200278
0.0143,0.0061,-0.4638,0.8858 timestamp: 1512295200282
0.0143,0.0059,-0.4523,0.8917 timestamp: 1512295200317
0.0143,0.0057,-0.4405,0.8976 timestamp: 1512295200320
0.0143,0.0054,-0.4235,0.9058 timestamp: 1512295200338
0.0143,0.0052,-0.4073,0.9132 timestamp: 1512295200378
0.0143,0.0051,-0.3896,0.9209 timestamp: 1512295200382
0.0143,0.0049,-0.3739,0.9273 timestamp: 1512295200419
0.0143,0.0048,-0.3582,0.9335 timestamp: 1512295200439
0.0142,0.0044,-0.3235,0.9461 timestamp: 1512295200478
0.0142,0.0041,-0.2958,0.9551 timestamp: 1512295200480
0.0142,0.0038,-0.2745,0.9615 timestamp: 1512295200518
0.0142,0.0034,-0.2530,0.9674 timestamp: 1512295200523
0.0141,0.0032,-0.2298,0.9731 timestamp: 1512295200541
0.0141,0.0029,-0.2099,0.9776 timestamp: 1512295200558
0.0140,0.0027,-0.1897,0.9817 timestamp: 1512295200581
0.0140,0.0024,-0.1688,0.9855 timestamp: 1512295200599
0.0139,0.0020,-0.1390,0.9902 timestamp: 1512295200637
0.0139,0.0017,-0.1165,0.9931 timestamp: 1512295200640
0.0137,0.0011,-0.0808,0.9966 timestamp: 1512295200679
0.0136,0.0009,-0.0568,0.9983 timestamp: 1512295200685
0.0135,0.0006,-0.0247,0.9996 timestamp: 1512295200698
0.0134,0.0002,0.0085,0.9999 timestamp: 1512295200718
0.0132,-0.0002,0.0448,0.9989 timestamp: 1512295200740
0.0132,-0.0005,0.0701,0.9975 timestamp: 1512295200757
0.0130,-0.0008,0.0916,0.9957 timestamp: 1512295200778
0.0129,-0.0010,0.1079,0.9941 timestamp: 1512295200797
0.0127,-0.0011,0.1241,0.9922 timestamp: 1512295200817
0.0126,-0.0013,0.1442,0.9895 timestamp: 1512295200838
0.0125,-0.0017,0.1660,0.9860 timestamp: 1512295200878
0.0124,-0.0019,0.1834,0.9830 timestamp: 1512295200881
0.0122,-0.0021,0.2017,0.9794 timestamp: 1512295200920
0.0121,-0.0023,0.2199,0.9754 timestamp: 1512295200927
0.0120,-0.0025,0.2364,0.9716 timestamp: 1512295200944
0.0118,-0.0027,0.2535,0.9673 timestamp: 1512295200959
0.0117,-0.0029,0.2685,0.9632 timestamp: 1512295200978
0.0116,-0.0030,0.2823,0.9593 timestamp: 1512295201018
0.0114,-0.0032,0.3032,0.9529 timestamp: 1512295201021
0.0113,-0.0034,0.3140,0.9493 timestamp: 1512295201038
0.0112,-0.0035,0.3272,0.9449 timestamp: 1512295201079
0.0111,-0.0037,0.3392,0.9406 timestamp: 1512295201087
0.0110,-0.0038,0.3496,0.9368 timestamp: 1512295201117
0.0109,-0.0039,0.3601,0.9328 timestamp: 1512295201121
0.0108,-0.0039,0.3711,0.9285 timestamp: 1512295201138
0.0107,-0.0041,0.3825,0.9239 timestamp: 1512295201177
0.0107,-0.0044,0.3939,0.9191 timestamp: 1512295201180
0.0105,-0.0045,0.4056,0.9140 timestamp: 1512295201198
0.0104,-0.0045,0.4168,0.9089 timestamp: 1512295201238
0.0104,-0.0046,0.4261,0.9046 timestamp: 1512295201245
0.0103,-0.0048,0.4350,0.9004 timestamp: 1512295201259
0.0102,-0.0049,0.4439,0.8960 timestamp: 1512295201296
0.0100,-0.0050,0.4557,0.8901 timestamp: 1512295201317
0.0099,-0.0049,0.4619,0.8869 timestamp: 1512295201339
0.0099,-0.0049,0.4681,0.8836 timestamp: 1512295201357
0.0099,-0.0050,0.4732,0.8809 timestamp: 1512295201377
0.0098,-0.0049,0.4769,0.8789 timestamp: 1512295201418
0.0098,-0.0050,0.4814,0.8764 timestamp: 1512295201421
0.0098,-0.0050,0.4844,0.8748 timestamp: 1512295201437
0.0098,-0.0050,0.4860,0.8739 timestamp: 1512295201457
0.0097,-0.0049,0.4879,0.8728 timestamp: 1512295201477
0.0097,-0.0049,0.4899,0.8717 timestamp: 1512295201497
0.0097,-0.0049,0.4912,0.8710 timestamp: 1512295201517
0.0096,-0.0048,0.4924,0.8703 timestamp: 1512295201537
0.0096,-0.0049,0.4948,0.8689 timestamp: 1512295201577
0.0096,-0.0048,0.4970,0.8677 timestamp: 1512295201579
0.0096,-0.0048,0.4983,0.8669 timestamp: 1512295201597
0.0095,-0.0047,0.4998,0.8661 timestamp: 1512295201617
0.0095,-0.0046,0.5018,0.8649 timestamp: 1512295201637
0.0094,-0.0046,0.5042,0.8635 timestamp: 1512295201657
0.0094,-0.0046,0.5060,0.8625 timestamp: 1512295201677
0.0093,-0.0045,0.5078,0.8614 timestamp: 1512295201697
0.0094,-0.0045,0.5105,0.8598 timestamp: 1512295201717
0.0093,-0.0045,0.5124,0.8587 timestamp: 1512295201738
0.0093,-0.0045,0.5129,0.8584 timestamp: 1512295201758
0.0093,-0.0044,0.5131,0.8583 timestamp: 1512295201777
0.0093,-0.0044,0.5138,0.8578 timestamp: 1512295201797
0.0093,-0.0043,0.5141,0.8577 timestamp: 1512295201838
0.0093,-0.0043,0.5142,0.8576 timestamp: 1512295201840
0.0093,-0.0043,0.5144,0.8575 timestamp: 1512295201877
0.0093,-0.0042,0.5145,0.8574 timestamp: 1512295201880
0.0093,-0.0042,0.5143,0.8575 timestamp: 1512295201897
0.0093,-0.0041,0.5145,0.8574 timestamp: 1512295201917
0.0093,-0.0041,0.5147,0.8573 timestamp: 1512295201938
0.0092,-0.0040,0.5146,0.8574 timestamp: 1512295201977
0.0092,-0.0040,0.5148,0.8573 timestamp: 1512295201980
0.0092,-0.0040,0.5151,0.8571 timestamp: 1512295201997
0.0092,-0.0039,0.5152,0.8570 timestamp: 1512295202017
0.0092,-0.0039,0.5149,0.8572 timestamp: 1512295202037
0.0092,-0.0038,0.5146,0.8574 timestamp: 1512295202077
0.0092,-0.0038,0.5148,0.8573 timestamp: 1512295202081
0.0092,-0.0038,0.5154,0.8569 timestamp: 1512295202097
0.0092,-0.0037,0.5160,0.8565 timestamp: 1512295202138
0.0092,-0.0037,0.5164,0.8563 timestamp: 1512295202141
0.0091,-0.0036,0.5159,0.8566 timestamp: 1512295202168
0.0091,-0.0036,0.5157,0.8567 timestamp: 1512295202187
0.0091,-0.0035,0.5153,0.8570 timestamp: 1512295202216
0.0091,-0.0035,0.5147,0.8573 timestamp: 1512295202230
0.0091,-0.0034,0.5144,0.8575 timestamp: 1512295202247
0.0091,-0.0034,0.5141,0.8577 timestamp: 1512295202267
0.0091,-0.0033,0.5139,0.8578 timestamp: 1512295202287
0.0091,-0.0033,0.5137,0.8579 timestamp: 1512295202308
0.0091,-0.0033,0.5135,0.8580 timestamp: 1512295202327
0.0091,-0.0032,0.5131,0.8583 timestamp: 1512295202367
0.0091,-0.0032,0.5131,0.8583 timestamp: 1512295202370
0.0091,-0.0031,0.5132,0.8582 timestamp: 1512295202387
0.0091,-0.0031,0.5132,0.8582 timestamp: 1512295202407
0.0091,-0.0030,0.5132,0.8582 timestamp: 1512295202427
0.0091,-0.0030,0.5136,0.8580 timestamp: 1512295202447
0.0091,-0.0030,0.5139,0.8578 timestamp: 1512295202467
0.0091,-0.0029,0.5139,0.8578 timestamp: 1512295202488
0.0090,-0.0029,0.5138,0.8579 timestamp: 1512295202528
0.0090,-0.0029,0.5137,0.8579 timestamp: 1512295202531
0.0090,-0.0028,0.5145,0.8574 timestamp: 1512295202568
0.0090,-0.0028,0.5155,0.8568 timestamp: 1512295202572
0.0089,-0.0027,0.5162,0.8564 timestamp: 1512295202607
0.0089,-0.0027,0.5178,0.8555 timestamp: 1512295202629
0.0089,-0.0027,0.5209,0.8536 timestamp: 1512295202649
0.0088,-0.0028,0.5253,0.8509 timestamp: 1512295202667
0.0088,-0.0028,0.5305,0.8476 timestamp: 1512295202688
0.0090,-0.0033,0.5356,0.8444 timestamp: 1512295202727
0.0093,-0.0037,0.5412,0.8408 timestamp: 1512295202730
0.0097,-0.0045,0.5497,0.8353 timestamp: 1512295202769
0.0102,-0.0052,0.5558,0.8312 timestamp: 1512295202776
0.0104,-0.0058,0.5620,0.8271 timestamp: 1512295202797
0.0117,-0.0074,0.5695,0.8219 timestamp: 1512295202816
0.0107,-0.0068,0.5786,0.8155 timestamp: 1512295202829
0.0092,-0.0057,0.5894,0.8078 timestamp: 1512295202868
0.0068,-0.0036,0.6016,0.7988 timestamp: 1512295202872
0.0074,-0.0046,0.6141,0.7892 timestamp: 1512295202887
0.0069,-0.0044,0.6265,0.7794 timestamp: 1512295202907
0.0067,-0.0045,0.6378,0.7702 timestamp: 1512295202928
0.0065,-0.0045,0.6491,0.7607 timestamp: 1512295202968
0.0064,-0.0045,0.6607,0.7506 timestamp: 1512295202972
0.0063,-0.0045,0.6727,0.7399 timestamp: 1512295203008
0.0060,-0.0037,0.6902,0.7236 timestamp: 1512295203011
0.0071,-0.0051,0.7015,0.7126 timestamp: 1512295203027
0.0069,-0.0052,0.7088,0.7054 timestamp: 1512295203047
0.0068,-0.0053,0.7163,0.6977 timestamp: 1512295203067
0.0067,-0.0055,0.7248,0.6889 timestamp: 1512295203107
0.0066,-0.0055,0.7346,0.6784 timestamp: 1512295203110
0.0064,-0.0056,0.7455,0.6665 timestamp: 1512295203127
0.0062,-0.0057,0.7562,0.6543 timestamp: 1512295203147
0.0060,-0.0058,0.7667,0.6420 timestamp: 1512295203168
0.0059,-0.0060,0.7792,0.6267 timestamp: 1512295203208
0.0057,-0.0062,0.7919,0.6106 timestamp: 1512295203211
0.0055,-0.0064,0.8046,0.5938 timestamp: 1512295203248
0.0054,-0.0066,0.8171,0.5764 timestamp: 1512295203251
0.0053,-0.0068,0.8230,0.5680 timestamp: 1512295203268
0.0050,-0.0070,0.8353,0.5497 timestamp: 1512295203288
0.0048,-0.0068,0.8448,0.5350 timestamp: 1512295203307
0.0046,-0.0069,0.8522,0.5232 timestamp: 1512295203327
0.0044,-0.0070,0.8602,0.5099 timestamp: 1512295203369
0.0042,-0.0071,0.8700,0.4930 timestamp: 1512295203373
0.0040,-0.0073,0.8810,0.4730 timestamp: 1512295203407
0.0037,-0.0073,0.8877,0.4603 timestamp: 1512295203410
0.0036,-0.0074,0.8938,0.4484 timestamp: 1512295203428
0.0034,-0.0076,0.9028,0.4300 timestamp: 1512295203448
0.0031,-0.0076,0.9080,0.4189 timestamp: 1512295203487
0.0029,-0.0077,0.9139,0.4059 timestamp: 1512295203506
0.0026,-0.0079,0.9213,0.3888 timestamp: 1512295203527
0.0025,-0.0081,0.9304,0.3664 timestamp: 1512295203548
0.0023,-0.0082,0.9381,0.3463 timestamp: 1512295203587
0.0023,-0.0084,0.9418,0.3361 timestamp: 1512295203590
0.0018,-0.0084,0.9501,0.3118 timestamp: 1512295203607
0.0016,-0.0086,0.9553,0.2955 timestamp: 1512295203627
0.0014,-0.0088,0.9620,0.2729 timestamp: 1512295203667
0.0011,-0.0089,0.9682,0.2500 timestamp: 1512295203671
0.0009,-0.0091,0.9735,0.2285 timestamp: 1512295203688
0.0007,-0.0091,0.9783,0.2070 timestamp: 1512295203727
0.0006,-0.0092,0.9818,0.1897 timestamp: 1512295203731
0.0004,-0.0093,0.9854,0.1700 timestamp: 1512295203748
0.0002,-0.0094,0.9882,0.1529 timestamp: 1512295203769
0.0001,-0.0095,0.9912,0.1320 timestamp: 1512295203787
0.0000,-0.0097,0.9930,0.1177 timestamp: 1512295203807
-0.0002,-0.0098,0.9950,0.0994 timestamp: 1512295203848
-0.0006,-0.0099,0.9974,0.0714 timestamp: 1512295203852
-0.0007,-0.0100,0.9985,0.0538 timestamp: 1512295203867
-0.0008,-0.0100,0.9992,0.0387 timestamp: 1512295203888
-0.0010,-0.0101,0.9996,0.0264 timestamp: 1512295203908
-0.0012,-0.0102,0.9998,0.0172 timestamp: 1512295203927
0.0014,0.0102,-0.9999,0.0097 timestamp: 1512295203967
0.0016,0.0103,-0.9997,0.0222 timestamp: 1512295203970
0.0018,0.0104,-0.9994,0.0330 timestamp: 1512295203987
0.0019,0.0105,-0.9989,0.0457 timestamp: 1512295204007
0.0021,0.0106,-0.9981,0.0607 timestamp: 1512295204027
0.0023,0.0107,-0.9972,0.0740 timestamp: 1512295204047
0.0025,0.0107,-0.9961,0.0875 timestamp: 1512295204088
0.0027,0.0106,-0.9948,0.1013 timestamp: 1512295204090
0.0028,0.0106,-0.9933,0.1150 timestamp: 1512295204107
0.0030,0.0106,-0.9912,0.1319 timestamp: 1512295204147
0.0030,0.0106,-0.9894,0.1448 timestamp: 1512295204151
0.0031,0.0106,-0.9878,0.1553 timestamp: 1512295204168
0.0032,0.0107,-0.9863,0.1646 timestamp: 1512295204187
0.0033,0.0107,-0.9848,0.1733 timestamp: 1512295204207
0.0034,0.0107,-0.9828,0.1843 timestamp: 1512295204248
0.0035,0.0108,-0.9810,0.1937 timestamp: 1512295204251
0.0036,0.0108,-0.9791,0.2031 timestamp: 1512295204288
0.0038,0.0108,-0.9766,0.2148 timestamp: 1512295204308
0.0039,0.0108,-0.9745,0.2241 timestamp: 1512295204312
0.0039,0.0108,-0.9728,0.2314 timestamp: 1512295204348
0.0039,0.0108,-0.9714,0.2372 timestamp: 1512295204389
0.0040,0.0108,-0.9696,0.2444 timestamp: 1512295204392
0.0041,0.0108,-0.9681,0.2503 timestamp: 1512295204426
0.0041,0.0108,-0.9656,0.2598 timestamp: 1512295204429
0.0041,0.0108,-0.9641,0.2653 timestamp: 1512295204467
0.0042,0.0108,-0.9624,0.2714 timestamp: 1512295204470
0.0042,0.0108,-0.9611,0.2760 timestamp: 1512295204487
0.0042,0.0107,-0.9603,0.2787 timestamp: 1512295204507
0.0043,0.0108,-0.9592,0.2825 timestamp: 1512295204527
0.0044,0.0108,-0.9579,0.2869 timestamp: 1512295204547
0.0045,0.0108,-0.9568,0.2905 timestamp: 1512295204567
0.0045,0.0108,-0.9557,0.2941 timestamp: 1512295204588
0.0045,0.0107,-0.9544,0.2983 timestamp: 1512295204627
0.0046,0.0108,-0.9536,0.3008 timestamp: 1512295204630
0.0046,0.0108,-0.9526,0.3040 timestamp: 1512295204647
0.0047,0.0108,-0.9519,0.3062 timestamp: 1512295204667
0.0048,0.0108,-0.9510,0.3090 timestamp: 1512295204687
0.0049,0.0108,-0.9494,0.3138 timestamp: 1512295204708
0.0049,0.0108,-0.9485,0.3166 timestamp: 1512295204727
0.0050,0.0108,-0.9477,0.3189 timestamp: 1512295204768
0.0050,0.0108,-0.9466,0.3222 timestamp: 1512295204771
0.0049,0.0108,-0.9457,0.3248 timestamp: 1512295204807
0.0050,0.0108,-0.9450,0.3269 timestamp: 1512295204813
0.0050,0.0108,-0.9443,0.3289 timestamp: 1512295204828
0.0050,0.0108,-0.9438,0.3303 timestamp: 1512295204847
0.0051,0.0108,-0.9439,0.3300 timestamp: 1512295204887
0.0051,0.0108,-0.9439,0.3300 timestamp: 1512295204889
0.0051,0.0108,-0.9436,0.3309 timestamp: 1512295204907
0.0051,0.0108,-0.9432,0.3320 timestamp: 1512295204927
0.0051,0.0108,-0.9430,0.3326 timestamp: 1512295204967
0.0052,0.0108,-0.9426,0.3337 timestamp: 1512295204970