0.0092,0.0098,-0.8873,0.4610 timestamp: 1512116326266
0.0104,0.0104,-0.8873,0.4610 timestamp: 1512116326301
0.0098,0.0101,-0.8872,0.4612 timestamp: 1512116326301
0.0100,0.0103,-0.8870,0.4615 timestamp: 1512116326339
0.0098,0.0101,-0.8871,0.4614 timestamp: 1512116326341
0.0099,0.0102,-0.8872,0.4612 timestamp: 1512116326360
0.0098,0.0102,-0.8873,0.4610 timestamp: 1512116326399
0.0099,0.0102,-0.8875,0.4606 timestamp: 1512116326400
0.0099,0.0102,-0.8876,0.4604 timestamp: 1512116326419
0.0099,0.0102,-0.8876,0.4604 timestamp: 1512116326439
0.0099,0.0102,-0.8877,0.4602 timestamp: 1512116326460
0.0099,0.0102,-0.8877,0.4602 timestamp: 1512116326480
0.0099,0.0102,-0.8875,0.4606 timestamp: 1512116326499
0.0100,0.0102,-0.8873,0.4610 timestamp: 1512116326520
0.0100,0.0102,-0.8873,0.4610 timestamp: 1512116326539
0.0099,0.0102,-0.8873,0.4610 timestamp: 1512116326559
0.0099,0.0103,-0.8873,0.4610 timestamp: 1512116326581
0.0099,0.0103,-0.8872,0.4612 timestamp: 1512116326600
0.0099,0.0103,-0.8872,0.4612 timestamp: 1512116326640
0.0099,0.0103,-0.8872,0.4612 timestamp: 1512116326641
0.0099,0.0103,-0.8873,0.4610 timestamp: 1512116326660
0.0099,0.0103,-0.8874,0.4608 timestamp: 1512116326700
0.0099,0.0103,-0.8874,0.4608 timestamp: 1512116326700
0.0099,0.0103,-0.8873,0.4610 timestamp: 1512116326739
0.0099,0.0103,-0.8873,0.4610 timestamp: 1512116326740
0.0099,0.0103,-0.8873,0.4610 timestamp: 1512116326760
0.0099,0.0103,-0.8874,0.4608 timestamp: 1512116326781
0.0099,0.0103,-0.8874,0.4608 timestamp: 1512116326820
0.0099,0.0103,-0.8872,0.4612 timestamp: 1512116326820
0.0099,0.0103,-0.8872,0.4612 timestamp: 1512116326840
0.0099,0.0103,-0.8872,0.4612 timestamp: 1512116326880
0.0099,0.0103,-0.8873,0.4610 timestamp: 1512116326881
0.0099,0.0102,-0.8875,0.4606 timestamp: 1512116326899
0.0099,0.0102,-0.8875,0.4606 timestamp: 1512116326919
0.0099,0.0102,-0.8874,0.4608 timestamp: 1512116326960
0.0099,0.0102,-0.8873,0.4610 timestamp: 1512116326960
0.0099,0.0102,-0.8873,0.4610 timestamp: 1512116326980
0.0099,0.0103,-0.8872,0.4612 timestamp: 1512116327020
0.0099,0.0103,-0.8872,0.4612 timestamp: 1512116327021
0.0099,0.0104,-0.8871,0.4614 timestamp: 1512116327039
0.0099,0.0103,-0.8868,0.4619 timestamp: 1512116327060
0.0099,0.0102,-0.8865,0.4625 timestamp: 1512116327099
0.0100,0.0102,-0.8863,0.4629 timestamp: 1512116327100
0.0100,0.0103,-0.8862,0.4631 timestamp: 1512116327141
0.0100,0.0103,-0.8860,0.4635 timestamp: 1512116327159
0.0100,0.0103,-0.8855,0.4644 timestamp: 1512116327200
0.0100,0.0103,-0.8846,0.4661 timestamp: 1512116327200
0.0098,0.0102,-0.8839,0.4675 timestamp: 1512116327219
0.0099,0.0102,-0.8830,0.4692 timestamp: 1512116327239
0.0101,0.0103,-0.8820,0.4710 timestamp: 1512116327260
0.0101,0.0102,-0.8807,0.4735 timestamp: 1512116327280
0.0101,0.0101,-0.8787,0.4772 timestamp: 1512116327299
0.0102,0.0100,-0.8763,0.4816 timestamp: 1512116327320
0.0103,0.0099,-0.8734,0.4868 timestamp: 1512116327339
0.0104,0.0098,-0.8698,0.4932 timestamp: 1512116327359
0.0106,0.0098,-0.8656,0.5005 timestamp: 1512116327379
0.0108,0.0098,-0.8610,0.5084 timestamp: 1512116327402
0.0109,0.0096,-0.8558,0.5171 timestamp: 1512116327439
0.0109,0.0095,-0.8502,0.5263 timestamp: 1512116327442
0.0110,0.0096,-0.8439,0.5363 timestamp: 1512116327459
0.0110,0.0095,-0.8335,0.5523 timestamp: 1512116327480
0.0111,0.0095,-0.8257,0.5639 timestamp: 1512116327520
0.0111,0.0094,-0.8175,0.5757 timestamp: 1512116327524
0.0112,0.0093,-0.8082,0.5887 timestamp: 1512116327539
0.0115,0.0092,-0.7983,0.6021 timestamp: 1512116327560
0.0114,0.0090,-0.7867,0.6172 timestamp: 1512116327600
0.0114,0.0088,-0.7766,0.6298 timestamp: 1512116327600
0.0117,0.0089,-0.7660,0.6427 timestamp: 1512116327622
0.0119,0.0089,-0.7542,0.6565 timestamp: 1512116327660
0.0117,0.0086,-0.7406,0.6718 timestamp: 1512116327660
0.0117,0.0083,-0.7263,0.6872 timestamp: 1512116327680
0.0119,0.0082,-0.7126,0.7014 timestamp: 1512116327699
0.0122,0.0083,-0.6979,0.7160 timestamp: 1512116327719
0.0126,0.0084,-0.6827,0.7305 timestamp: 1512116327740
0.0127,0.0079,-0.6600,0.7511 timestamp: 1512116327759
0.0126,0.0076,-0.6470,0.7623 timestamp: 1512116327779
0.0128,0.0077,-0.6356,0.7719 timestamp: 1512116327800
0.0127,0.0074,-0.6241,0.7812 timestamp: 1512116327819
0.0127,0.0072,-0.6070,0.7946 timestamp: 1512116327839
0.0126,0.0068,-0.5894,0.8077 timestamp: 1512116327859
0.0130,0.0068,-0.5743,0.8185 timestamp: 1512116327879
0.0130,0.0065,-0.5590,0.8290 timestamp: 1512116327899
0.0132,0.0066,-0.5418,0.8404 timestamp: 1512116327920
0.0131,0.0060,-0.5249,0.8510 timestamp: 1512116327939
0.0134,0.0057,-0.5092,0.8605 timestamp: 1512116327959
0.0136,0.0054,-0.4914,0.8708 timestamp: 1512116328001
0.0135,0.0052,-0.4738,0.8805 timestamp: 1512116328001
0.0134,0.0048,-0.4587,0.8885 timestamp: 1512116328039
0.0133,0.0045,-0.4368,0.8994 timestamp: 1512116328059
0.0134,0.0044,-0.4224,0.9063 timestamp: 1512116328079
0.0134,0.0042,-0.4068,0.9134 timestamp: 1512116328099
0.0133,0.0040,-0.3906,0.9205 timestamp: 1512116328139
0.0131,0.0035,-0.3756,0.9267 timestamp: 1512116328140
0.0132,0.0036,-0.3648,0.9310 timestamp: 1512116328159
0.0133,0.0036,-0.3533,0.9354 timestamp: 1512116328182
0.0134,0.0038,-0.3425,0.9394 timestamp: 1512116328199
0.0134,0.0037,-0.3329,0.9429 timestamp: 1512116328220
0.0134,0.0036,-0.3241,0.9459 timestamp: 1512116328239
0.0132,0.0035,-0.3169,0.9484 timestamp: 1512116328259
0.0131,0.0031,-0.3099,0.9507 timestamp: 1512116328279
0.0132,0.0031,-0.3049,0.9523 timestamp: 1512116328300
0.0132,0.0032,-0.3023,0.9531 timestamp: 1512116328319
0.0132,0.0030,-0.2989,0.9542 timestamp: 1512116328339
0.0131,0.0026,-0.2968,0.9548 timestamp: 1512116328360
0.0132,0.0031,-0.2959,0.9551 timestamp: 1512116328380
0.0131,0.0027,-0.2954,0.9553 timestamp: 1512116328419
0.0133,0.0034,-0.2957,0.9552 timestamp: 1512116328421
0.0131,0.0030,-0.2957,0.9552 timestamp: 1512116328439
0.0132,0.0034,-0.2951,0.9554 timestamp: 1512116328459
0.0132,0.0032,-0.2931,0.9560 timestamp: 1512116328501
0.0132,0.0034,-0.2906,0.9567 timestamp: 1512116328502
0.0132,0.0034,-0.2900,0.9569 timestamp: 1512116328520
0.0132,0.0035,-0.2923,0.9562 timestamp: 1512116328540
0.0132,0.0036,-0.2942,0.9556 timestamp: 1512116328560
0.0132,0.0037,-0.2949,0.9554 timestamp: 1512116328579
0.0132,0.0038,-0.2946,0.9555 timestamp: 1512116328600
0.0132,0.0039,-0.2919,0.9563 timestamp: 1512116328619
0.0132,0.0040,-0.2921,0.9563 timestamp: 1512116328639
0.0132,0.0041,-0.2927,0.9561 timestamp: 1512116328660
0.0132,0.0041,-0.2942,0.9556 timestamp: 1512116328699
0.0132,0.0042,-0.2951,0.9554 timestamp: 1512116328701
0.0132,0.0043,-0.2953,0.9553 timestamp: 1512116328720
0.0132,0.0044,-0.2954,0.9553 timestamp: 1512116328739
0.0132,0.0044,-0.2954,0.9553 timestamp: 1512116328761
0.0132,0.0045,-0.2953,0.9553 timestamp: 1512116328780
0.0132,0.0046,-0.2952,0.9553 timestamp: 1512116328799
0.0132,0.0046,-0.2948,0.9555 timestamp: 1512116328819
0.0132,0.0047,-0.2952,0.9553 timestamp: 1512116328840
0.0132,0.0048,-0.2957,0.9552 timestamp: 1512116328859
0.0131,0.0048,-0.2955,0.9552 timestamp: 1512116328900
0.0131,0.0049,-0.2956,0.9552 timestamp: 1512116328919
0.0131,0.0050,-0.2955,0.9552 timestamp: 1512116328940
0.0131,0.0051,-0.2955,0.9552 timestamp: 1512116328960
0.0131,0.0051,-0.2956,0.9552 timestamp: 1512116328979
0.0132,0.0052,-0.2961,0.9551 timestamp: 1512116329000
0.0132,0.0053,-0.2963,0.9550 timestamp: 1512116329020
0.0132,0.0053,-0.2969,0.9548 timestamp: 1512116329042
0.0132,0.0054,-0.2983,0.9544 timestamp: 1512116329059
0.0132,0.0055,-0.2989,0.9542 timestamp: 1512116329079
0.0132,0.0055,-0.2988,0.9542 timestamp: 1512116329100
0.0132,0.0056,-0.2992,0.9541 timestamp: 1512116329120
0.0132,0.0056,-0.2999,0.9539 timestamp: 1512116329139
0.0132,0.0057,-0.3006,0.9536 timestamp: 1512116329159
0.0132,0.0057,-0.3015,0.9534 timestamp: 1512116329180
0.0133,0.0062,-0.3017,0.9533 timestamp: 1512116329200
0.0131,0.0058,-0.2999,0.9539 timestamp: 1512116329220
0.0132,0.0061,-0.2975,0.9546 timestamp: 1512116329260
0.0133,0.0062,-0.2951,0.9554 timestamp: 1512116329261
0.0133,0.0063,-0.2914,0.9565 timestamp: 1512116329280
0.0133,0.0062,-0.2870,0.9578 timestamp: 1512116329299
0.0132,0.0058,-0.2804,0.9598 timestamp: 1512116329320
0.0132,0.0056,-0.2715,0.9623 timestamp: 1512116329341
0.0132,0.0054,-0.2612,0.9652 timestamp: 1512116329379
0.0131,0.0052,-0.2495,0.9683 timestamp: 1512116329381
0.0133,0.0054,-0.2362,0.9716 timestamp: 1512116329401
0.0133,0.0052,-0.2205,0.9753 timestamp: 1512116329439
0.0133,0.0052,-0.2032,0.9790 timestamp: 1512116329440
0.0134,0.0052,-0.1846,0.9827 timestamp: 1512116329460
0.0134,0.0046,-0.1541,0.9880 timestamp: 1512116329479
0.0133,0.0044,-0.1401,0.9900 timestamp: 1512116329499
0.0133,0.0042,-0.1191,0.9928 timestamp: 1512116329520
0.0133,0.0039,-0.0983,0.9951 timestamp: 1512116329539
0.0133,0.0038,-0.0777,0.9969 timestamp: 1512116329560
0.0133,0.0035,-0.0622,0.9980 timestamp: 1512116329580
0.0133,0.0035,-0.0439,0.9989 timestamp: 1512116329600
0.0134,0.0036,-0.0258,0.9996 timestamp: 1512116329619
0.0135,0.0033,-0.0087,0.9999 timestamp: 1512116329640
0.0134,0.0028,0.0069,0.9999 timestamp: 1512116329660
0.0133,0.0030,0.0199,0.9997 timestamp: 1512116329700
0.0132,0.0031,0.0318,0.9994 timestamp: 1512116329700
0.0131,0.0031,0.0505,0.9986 timestamp: 1512116329720
0.0131,0.0036,0.0714,0.9974 timestamp: 1512116329739
0.0134,0.0037,0.0815,0.9966 timestamp: 1512116329769
0.0135,0.0028,0.1014,0.9948 timestamp: 1512116329789
0.0134,0.0025,0.1220,0.9924 timestamp: 1512116329810
0.0132,0.0032,0.1437,0.9895 timestamp: 1512116329850
0.0133,0.0022,0.1658,0.9861 timestamp: 1512116329851
0.0134,0.0012,0.1868,0.9823 timestamp: 1512116329870
0.0134,0.0007,0.1982,0.9801 timestamp: 1512116329889
0.0134,0.0002,0.2171,0.9761 timestamp: 1512116329909
0.0131,0.0005,0.2317,0.9727 timestamp: 1512116329929
0.0128,0.0010,0.2435,0.9698 timestamp: 1512116329950
0.0127,0.0007,0.2610,0.9653 timestamp: 1512116329969
0.0130,-0.0007,0.2770,0.9608 timestamp: 1512116329989
0.0128,-0.0006,0.2990,0.9542 timestamp: 1512116330010
0.0129,-0.0010,0.3123,0.9499 timestamp: 1512116330030
0.0127,-0.0009,0.3246,0.9458 timestamp: 1512116330050
0.0126,-0.0007,0.3275,0.9448 timestamp: 1512116330090
0.0126,-0.0007,0.3355,0.9420 timestamp: 1512116330091
0.0126,-0.0010,0.3401,0.9403 timestamp: 1512116330109
0.0125,-0.0007,0.3418,0.9397 timestamp: 1512116330130
0.0124,-0.0008,0.3484,0.9373 timestamp: 1512116330149
0.0123,-0.0007,0.3537,0.9353 timestamp: 1512116330169
0.0124,-0.0010,0.3569,0.9341 timestamp: 1512116330210
0.0124,-0.0010,0.3602,0.9328 timestamp: 1512116330229
0.0124,-0.0009,0.3627,0.9318 timestamp: 1512116330250
0.0124,-0.0010,0.3647,0.9310 timestamp: 1512116330270
0.0123,-0.0008,0.3667,0.9303 timestamp: 1512116330290
0.0123,-0.0008,0.3678,0.9298 timestamp: 1512116330310
0.0124,-0.0008,0.3687,0.9295 timestamp: 1512116330330
0.0124,-0.0009,0.3698,0.9290 timestamp: 1512116330370
0.0124,-0.0007,0.3699,0.9290 timestamp: 1512116330371
0.0123,-0.0006,0.3709,0.9286 timestamp: 1512116330390
0.0120,-0.0007,0.3714,0.9284 timestamp: 1512116330409
0.0122,-0.0009,0.3687,0.9295 timestamp: 1512116330430
0.0120,-0.0005,0.3689,0.9294 timestamp: 1512116330450
0.0122,-0.0007,0.3704,0.9288 timestamp: 1512116330469
0.0121,-0.0005,0.3698,0.9290 timestamp: 1512116330490
0.0121,-0.0005,0.3677,0.9299 timestamp: 1512116330529
0.0121,-0.0004,0.3663,0.9304 timestamp: 1512116330530
0.0121,-0.0003,0.3652,0.9309 timestamp: 1512116330549
0.0121,-0.0002,0.3646,0.9311 timestamp: 1512116330571
0.0121,-0.0002,0.3629,0.9317 timestamp: 1512116330589
0.0121,-0.0001,0.3615,0.9323 timestamp: 1512116330630
0.0121,0.0000,0.3606,0.9326 timestamp: 1512116330630
0.0121,0.0000,0.3597,0.9330 timestamp: 1512116330649
0.0121,0.0001,0.3590,0.9333 timestamp: 1512116330669
0.0121,0.0002,0.3580,0.9336 timestamp: 1512116330689
0.0121,0.0002,0.3574,0.9339 timestamp: 1512116330710
0.0121,0.0003,0.3570,0.9340 timestamp: 1512116330730
0.0121,0.0004,0.3565,0.9342 timestamp: 1512116330750
0.0121,0.0004,0.3565,0.9342 timestamp: 1512116330789
0.0121,0.0005,0.3566,0.9342 timestamp: 1512116330791
0.0121,0.0006,0.3552,0.9347 timestamp: 1512116330810
0.0121,0.0007,0.3540,0.9352 timestamp: 1512116330830
0.0121,0.0008,0.3537,0.9353 timestamp: 1512116330850
0.0121,0.0008,0.3537,0.9353 timestamp: 1512116330870
0.0121,0.0009,0.3539,0.9352 timestamp: 1512116330889
0.0121,0.0009,0.3536,0.9353 timestamp: 1512116330910
0.0121,0.0010,0.3530,0.9355 timestamp: 1512116330930
0.0121,0.0011,0.3529,0.9356 timestamp: 1512116330949
0.0121,0.0011,0.3531,0.9355 timestamp: 1512116330970
0.0120,0.0012,0.3532,0.9355 timestamp: 1512116331010
0.0120,0.0013,0.3532,0.9355 timestamp: 1512116331029
0.0119,0.0011,0.3540,0.9352 timestamp: 1512116331049
0.0120,0.0009,0.3546,0.9349 timestamp: 1512116331070
0.0120,0.0012,0.3542,0.9351 timestamp: 1512116331090
0.0120,0.0012,0.3539,0.9352 timestamp: 1512116331110
0.0120,0.0013,0.3536,0.9353 timestamp: 1512116331130
0.0120,0.0013,0.3533,0.9354 timestamp: 1512116331149
0.0120,0.0013,0.3538,0.9352 timestamp: 1512116331169
0.0120,0.0012,0.3557,0.9345 timestamp: 1512116331190
0.0120,0.0014,0.3581,0.9336 timestamp: 1512116331210
0.0122,0.0013,0.3609,0.9325 timestamp: 1512116331249
0.0122,0.0010,0.3649,0.9310 timestamp: 1512116331251
0.0121,0.0012,0.3705,0.9288 timestamp: 1512116331270
0.0121,0.0010,0.3777,0.9258 timestamp: 1512116331289
0.0122,0.0007,0.3867,0.9221 timestamp: 1512116331310
0.0121,0.0007,0.3968,0.9178 timestamp: 1512116331329
0.0120,0.0006,0.4088,0.9125 timestamp: 1512116331349
0.0119,0.0006,0.4229,0.9061 timestamp: 1512116331370
0.0119,0.0001,0.4450,0.8955 timestamp: 1512116331389
0.0119,0.0000,0.4611,0.8873 timestamp: 1512116331409
0.0117,0.0000,0.4736,0.8807 timestamp: 1512116331430
0.0115,0.0001,0.4869,0.8734 timestamp: 1512116331449
0.0116,-0.0004,0.5054,0.8628 timestamp: 1512116331469
0.0117,-0.0009,0.5246,0.8513 timestamp: 1512116331491
0.0116,-0.0012,0.5437,0.8392 timestamp: 1512116331509
0.0112,-0.0009,0.5571,0.8304 timestamp: 1512116331529
0.0112,-0.0012,0.5744,0.8185 timestamp: 1512116331550
0.0110,-0.0013,0.5916,0.8062 timestamp: 1512116331569
0.0109,-0.0014,0.6066,0.7949 timestamp: 1512116331611
0.0108,-0.0014,0.6196,0.7848 timestamp: 1512116331611
0.0108,-0.0014,0.6339,0.7733 timestamp: 1512116331630
0.0108,-0.0017,0.6501,0.7598 timestamp: 1512116331670
0.0109,-0.0022,0.6717,0.7407 timestamp: 1512116331672
0.0108,-0.0023,0.6833,0.7301 timestamp: 1512116331689
0.0108,-0.0026,0.6975,0.7165 timestamp: 1512116331710
0.0103,-0.0025,0.7106,0.7035 timestamp: 1512116331731
0.0103,-0.0028,0.7225,0.6913 timestamp: 1512116331749
0.0103,-0.0031,0.7344,0.6786 timestamp: 1512116331769
0.0104,-0.0035,0.7447,0.6673 timestamp: 1512116331790
0.0103,-0.0036,0.7545,0.6562 timestamp: 1512116331809
0.0103,-0.0037,0.7614,0.6482 timestamp: 1512116331830
0.0102,-0.0038,0.7715,0.6361 timestamp: 1512116331850
0.0102,-0.0041,0.7812,0.6242 timestamp: 1512116331869
0.0100,-0.0042,0.7925,0.6098 timestamp: 1512116331909
0.0099,-0.0042,0.7998,0.6002 timestamp: 1512116331930
0.0098,-0.0042,0.8088,0.5880 timestamp: 1512116331949
0.0098,-0.0043,0.8226,0.5685 timestamp: 1512116331969
0.0098,-0.0046,0.8288,0.5594 timestamp: 1512116331990
0.0097,-0.0047,0.8355,0.5494 timestamp: 1512116332009
0.0096,-0.0048,0.8404,0.5419 timestamp: 1512116332029
0.0092,-0.0047,0.8466,0.5321 timestamp: 1512116332051
0.0094,-0.0049,0.8520,0.5234 timestamp: 1512116332090
0.0093,-0.0050,0.8572,0.5149 timestamp: 1512116332091
0.0093,-0.0051,0.8619,0.5070 timestamp: 1512116332130
0.0093,-0.0053,0.8663,0.4994 timestamp: 1512116332131
0.0090,-0.0053,0.8729,0.4878 timestamp: 1512116332150
0.0091,-0.0054,0.8775,0.4795 timestamp: 1512116332170
0.0091,-0.0056,0.8810,0.4730 timestamp: 1512116332189
0.0092,-0.0057,0.8837,0.4679 timestamp: 1512116332210
0.0092,-0.0057,0.8854,0.4647 timestamp: 1512116332250
0.0090,-0.0058,0.8879,0.4599 timestamp: 1512116332252
0.0089,-0.0057,0.8882,0.4593 timestamp: 1512116332270
0.0090,-0.0056,0.8880,0.4597 timestamp: 1512116332310
0.0090,-0.0056,0.8885,0.4588 timestamp: 1512116332311
0.0090,-0.0056,0.8884,0.4589 timestamp: 1512116332329
0.0090,-0.0056,0.8889,0.4580 timestamp: 1512116332370
0.0089,-0.0056,0.8896,0.4566 timestamp: 1512116332371
0.0090,-0.0057,0.8899,0.4560 timestamp: 1512116332389
0.0091,-0.0057,0.8906,0.4547 timestamp: 1512116332410
0.0076,-0.0050,0.8914,0.4531 timestamp: 1512116332450
0.0091,-0.0057,0.8921,0.4517 timestamp: 1512116332451
0.0084,-0.0054,0.8928,0.4503 timestamp: 1512116332470
0.0086,-0.0055,0.8927,0.4505 timestamp: 1512116332489
0.0084,-0.0054,0.8930,0.4499 timestamp: 1512116332509
0.0085,-0.0054,0.8939,0.4482 timestamp: 1512116332529
0.0084,-0.0053,0.8938,0.4484 timestamp: 1512116332549
0.0084,-0.0053,0.8937,0.4486 timestamp: 1512116332569
0.0083,-0.0052,0.8938,0.4484 timestamp: 1512116332590
0.0083,-0.0051,0.8933,0.4494 timestamp: 1512116332609
0.0083,-0.0051,0.8932,0.4496 timestamp: 1512116332629
0.0083,-0.0051,0.8936,0.4488 timestamp: 1512116332650
0.0082,-0.0051,0.8936,0.4488 timestamp: 1512116332669
0.0082,-0.0050,0.8937,0.4486 timestamp: 1512116332690
0.0082,-0.0050,0.8936,0.4488 timestamp: 1512116332710
0.0081,-0.0050,0.8935,0.4490 timestamp: 1512116332729
0.0081,-0.0050,0.8936,0.4488 timestamp: 1512116332750
0.0081,-0.0049,0.8936,0.4488 timestamp: 1512116332790
0.0080,-0.0049,0.8936,0.4488 timestamp: 1512116332809
0.0080,-0.0048,0.8938,0.4484 timestamp: 1512116332829
0.0080,-0.0048,0.8940,0.4480 timestamp: 1512116332850
0.0080,-0.0048,0.8943,0.4474 timestamp: 1512116332869
0.0079,-0.0048,0.8947,0.4466 timestamp: 1512116332889
0.0079,-0.0047,0.8950,0.4460 timestamp: 1512116332910
0.0079,-0.0047,0.8952,0.4456 timestamp: 1512116332929
0.0078,-0.0047,0.8954,0.4452 timestamp: 1512116332950
0.0078,-0.0046,0.8953,0.4454 timestamp: 1512116332970
0.0078,-0.0046,0.8950,0.4460 timestamp: 1512116332989
0.0078,-0.0046,0.8948,0.4464 timestamp: 1512116333009
0.0077,-0.0045,0.8946,0.4468 timestamp: 1512116333030
0.0075,-0.0045,0.8959,0.4442 timestamp: 1512116333049
0.0071,-0.0044,0.8987,0.4385 timestamp: 1512116333069
0.0078,-0.0049,0.9028,0.4300 timestamp: 1512116333091
0.0076,-0.0048,0.9042,0.4270 timestamp: 1512116333130
0.0074,-0.0048,0.9062,0.4228 timestamp: 1512116333130
0.0073,-0.0049,0.9095,0.4156 timestamp: 1512116333151
0.0074,-0.0050,0.9131,0.4076 timestamp: 1512116333189
0.0073,-0.0051,0.9164,0.4002 timestamp: 1512116333190
0.0071,-0.0052,0.9198,0.3923 timestamp: 1512116333210
0.0071,-0.0052,0.9232,0.3842 timestamp: 1512116333250
0.0070,-0.0053,0.9274,0.3740 timestamp: 1512116333251
0.0067,-0.0054,0.9320,0.3624 timestamp: 1512116333270
0.0064,-0.0054,0.9367,0.3500 timestamp: 1512116333290
0.0064,-0.0056,0.9413,0.3375 timestamp: 1512116333309
0.0066,-0.0058,0.9464,0.3229 timestamp: 1512116333330
0.0067,-0.0060,0.9514,0.3078 timestamp: 1512116333349
0.0065,-0.0062,0.9588,0.2839 timestamp: 1512116333370
0.0062,-0.0063,0.9633,0.2683 timestamp: 1512116333390
0.0058,-0.0064,0.9678,0.2516 timestamp: 1512116333410
0.0055,-0.0066,0.9726,0.2323 timestamp: 1512116333449
0.0054,-0.0068,0.9775,0.2108 timestamp: 1512116333451
0.0054,-0.0069,0.9820,0.1887 timestamp: 1512116333469
0.0053,-0.0071,0.9856,0.1689 timestamp: 1512116333489
0.0052,-0.0073,0.9889,0.1483 timestamp: 1512116333530
0.0045,-0.0074,0.9921,0.1252 timestamp: 1512116333531
0.0041,-0.0075,0.9950,0.0995 timestamp: 1512116333549
0.0039,-0.0076,0.9971,0.0756 timestamp: 1512116333589
0.0039,-0.0077,0.9983,0.0576 timestamp: 1512116333590
0.0038,-0.0078,0.9993,0.0364 timestamp: 1512116333609
0.0036,-0.0080,0.9998,0.0180 timestamp: 1512116333650
-0.0038,0.0081,-0.9998,0.0179 timestamp: 1512116333689
-0.0036,0.0082,-0.9993,0.0363 timestamp: 1512116333690
-0.0035,0.0082,-0.9982,0.0593 timestamp: 1512116333709
-0.0036,0.0081,-0.9966,0.0819 timestamp: 1512116333729
-0.0040,0.0081,-0.9946,0.1034 timestamp: 1512116333750
-0.0034,0.0083,-0.9924,0.1227 timestamp: 1512116333770
-0.0027,0.0085,-0.9900,0.1408 timestamp: 1512116333789
-0.0022,0.0085,-0.9862,0.1653 timestamp: 1512116333809
-0.0021,0.0086,-0.9829,0.1839 timestamp: 1512116333830
-0.0019,0.0087,-0.9781,0.2079 timestamp: 1512116333849
-0.0018,0.0088,-0.9744,0.2246 timestamp: 1512116333870
-0.0016,0.0089,-0.9706,0.2405 timestamp: 1512116333910
-0.0013,0.0090,-0.9667,0.2558 timestamp: 1512116333911
-0.0012,0.0090,-0.9626,0.2708 timestamp: 1512116333929
-0.0012,0.0090,-0.9568,0.2906 timestamp: 1512116333950
-0.0009,0.0092,-0.9532,0.3022 timestamp: 1512116333970
-0.0008,0.0092,-0.9498,0.3127 timestamp: 1512116333989
-0.0010,0.0092,-0.9466,0.3223 timestamp: 1512116334010
-0.0008,0.0092,-0.9436,0.3310 timestamp: 1512116334030
-0.0008,0.0092,-0.9409,0.3386 timestamp: 1512116334051
-0.0007,0.0092,-0.9367,0.3500 timestamp: 1512116334090
-0.0005,0.0092,-0.9334,0.3587 timestamp: 1512116334091
-0.0004,0.0093,-0.9312,0.3644 timestamp: 1512116334109
0.0000,0.0093,-0.9282,0.3720 timestamp: 1512116334130
-0.0003,0.0091,-0.9254,0.3789 timestamp: 1512116334150
-0.0003,0.0091,-0.9250,0.3799 timestamp: 1512116334169
-0.0003,0.0091,-0.9233,0.3840 timestamp: 1512116334190
-0.0001,0.0092,-0.9197,0.3925 timestamp: 1512116334209
-0.0001,0.0092,-0.9179,0.3967 timestamp: 1512116334230
0.0000,0.0092,-0.9163,0.4004 timestamp: 1512116334250
0.0000,0.0092,-0.9161,0.4008 timestamp: 1512116334269
0.0001,0.0093,-0.9162,0.4006 timestamp: 1512116334290
0.0001,0.0092,-0.9160,0.4011 timestamp: 1512116334330
0.0002,0.0092,-0.9157,0.4018 timestamp: 1512116334331
0.0002,0.0092,-0.9142,0.4052 timestamp: 1512116334370
0.0003,0.0093,-0.9128,0.4083 timestamp: 1512116334371
0.0003,0.0093,-0.9121,0.4099 timestamp: 1512116334390
0.0004,0.0093,-0.9115,0.4112 timestamp: 1512116334410
0.0004,0.0093,-0.9116,0.4110 timestamp: 1512116334430
0.0004,0.0092,-0.9117,0.4108 timestamp: 1512116334449
0.0005,0.0092,-0.9115,0.4112 timestamp: 1512116334469
0.0005,0.0092,-0.9111,0.4121 timestamp: 1512116334529
0.0005,0.0092,-0.9113,0.4116 timestamp: 1512116334531
0.0005,0.0093,-0.9116,0.4110 timestamp: 1512116334549
0.0006,0.0093,-0.9114,0.4114 timestamp: 1512116334569
0.0006,0.0093,-0.9110,0.4123 timestamp: 1512116334589
0.0007,0.0092,-0.9106,0.4132 timestamp: 1512116334609
0.0007,0.0092,-0.9103,0.4138 timestamp: 1512116334629
0.0007,0.0092,-0.9101,0.4143 timestamp: 1512116334649
0.0008,0.0092,-0.9098,0.4149 timestamp: 1512116334670
0.0008,0.0092,-0.9098,0.4149 timestamp: 1512116334690
0.0008,0.0093,-0.9102,0.4141 timestamp: 1512116334729
0.0008,0.0093,-0.9106,0.4132 timestamp: 1512116334730
0.0009,0.0093,-0.9107,0.4130 timestamp: 1512116334750
0.0009,0.0093,-0.9107,0.4130 timestamp: 1512116334769
0.0009,0.0092,-0.9110,0.4123 timestamp: 1512116334810
0.0010,0.0092,-0.9110,0.4123 timestamp: 1512116334811
0.0010,0.0092,-0.9110,0.4123 timestamp: 1512116334850
0.0010,0.0093,-0.9112,0.4119 timestamp: 1512116334851
0.0011,0.0093,-0.9111,0.4121 timestamp: 1512116334890
0.0011,0.0093,-0.9110,0.4123 timestamp: 1512116334890
0.0012,0.0093,-0.9108,0.4127 timestamp: 1512116334909
0.0012,0.0093,-0.9106,0.4132 timestamp: 1512116334930
0.0010,0.0092,-0.9106,0.4132 timestamp: 1512116334970
0.0010,0.0091,-0.9102,0.4141 timestamp: 1512116334970
0.0010,0.0091,-0.9099,0.4147 timestamp: 1512116334990
0.0004,0.0087,-0.9102,0.4141 timestamp: 1512116335030
-0.0002,0.0081,-0.9111,0.4121 timestamp: 1512116335032
-0.0006,0.0067,-0.9131,0.4077 timestamp: 1512116335049
0.0000,0.0048,-0.9142,0.4052 timestamp: 1512116335069
0.0009,0.0025,-0.9150,0.4034 timestamp: 1512116335089
0.0016,-0.0001,-0.9151,0.4032 timestamp: 1512116335111
0.0022,-0.0041,-0.9145,0.4046 timestamp: 1512116335130
0.0024,-0.0121,-0.9134,0.4069 timestamp: 1512116335150
0.0031,-0.0236,-0.9120,0.4095 timestamp: 1512116335190
0.0067,-0.0355,-0.9101,0.4128 timestamp: 1512116335191
0.0134,-0.0468,-0.9081,0.4159 timestamp: 1512116335210
0.0204,-0.0583,-0.9064,0.4179 timestamp: 1512116335250
0.0259,-0.0703,-0.9049,0.4190 timestamp: 1512116335251
0.0309,-0.0828,-0.9032,0.4200 timestamp: 1512116335269
0.0394,-0.0949,-0.9012,0.4210 timestamp: 1512116335293
0.0548,-0.1126,-0.8975,0.4229 timestamp: 1512116335330
0.0632,-0.1246,-0.8949,0.4238 timestamp: 1512116335330
0.0711,-0.1368,-0.8920,0.4249 timestamp: 1512116335370
0.0786,-0.1492,-0.8893,0.4251 timestamp: 1512116335389
0.0856,-0.1618,-0.8870,0.4239 timestamp: 1512116335429
0.0908,-0.1737,-0.8847,0.4230 timestamp: 1512116335430
0.0961,-0.1844,-0.8820,0.4229 timestamp: 1512116335449
0.1034,-0.1944,-0.8790,0.4229 timestamp: 1512116335469
0.1110,-0.2058,-0.8759,0.4220 timestamp: 1512116335490
0.1179,-0.2193,-0.8726,0.4202 timestamp: 1512116335530
0.1239,-0.2350,-0.8689,0.4177 timestamp: 1512116335531
0.1297,-0.2522,-0.8651,0.4137 timestamp: 1512116335549
0.1346,-0.2689,-0.8618,0.4085 timestamp: 1512116335569
0.1403,-0.2838,-0.8586,0.4032 timestamp: 1512116335589
0.1511,-0.3034,-0.8528,0.3973 timestamp: 1512116335609
0.1586,-0.3153,-0.8470,0.3975 timestamp: 1512116335629
0.1647,-0.3280,-0.8427,0.3939 timestamp: 1512116335649
0.1699,-0.3359,-0.8384,0.3942 timestamp: 1512116335670
0.1774,-0.3508,-0.8323,0.3908 timestamp: 1512116335689
0.1828,-0.3658,-0.8263,0.3873 timestamp: 1512116335709
0.1876,-0.3796,-0.8205,0.3840 timestamp: 1512116335730
0.1918,-0.3928,-0.8153,0.3797 timestamp: 1512116335750
0.1967,-0.4058,-0.8102,0.3744 timestamp: 1512116335770
0.2019,-0.4188,-0.8047,0.3692 timestamp: 1512116335810
0.2054,-0.4324,-0.7991,0.3637 timestamp: 1512116335812
0.2070,-0.4454,-0.7941,0.3580 timestamp: 1512116335850
0.2094,-0.4567,-0.7896,0.3523 timestamp: 1512116335851
0.2132,-0.4659,-0.7852,0.3478 timestamp: 1512116335870
0.2187,-0.4775,-0.7791,0.3423 timestamp: 1512116335889
0.2212,-0.4849,-0.7752,0.3391 timestamp: 1512116335910
0.2231,-0.4928,-0.7712,0.3356 timestamp: 1512116335929
0.2249,-0.5004,-0.7673,0.3321 timestamp: 1512116335950
0.2274,-0.5075,-0.7632,0.3290 timestamp: 1512116335971
0.2308,-0.5141,-0.7589,0.3263 timestamp: 1512116336009
0.2354,-0.5199,-0.7541,0.3250 timestamp: 1512116336010
0.2412,-0.5252,-0.7488,0.3245 timestamp: 1512116336030
0.2467,-0.5302,-0.7434,0.3246 timestamp: 1512116336049
0.2513,-0.5359,-0.7378,0.3245 timestamp: 1512116336069
0.2560,-0.5417,-0.7320,0.3243 timestamp: 1512116336090
0.2612,-0.5471,-0.7259,0.3248 timestamp: 1512116336110
0.2663,-0.5522,-0.7198,0.3256 timestamp: 1512116336150
0.2731,-0.5601,-0.7108,0.3263 timestamp: 1512116336151
0.2786,-0.5645,-0.7044,0.3279 timestamp: 1512116336169
0.2850,-0.5683,-0.6975,0.3306 timestamp: 1512116336190
0.2909,-0.5722,-0.6907,0.3330 timestamp: 1512116336230
0.2960,-0.5763,-0.6839,0.3355 timestamp: 1512116336249
0.3005,-0.5808,-0.6773,0.3371 timestamp: 1512116336269
0.3053,-0.5849,-0.6705,0.3393 timestamp: 1512116336290
0.3110,-0.5887,-0.6633,0.3417 timestamp: 1512116336309
0.3173,-0.5921,-0.6559,0.3443 timestamp: 1512116336329
0.3230,-0.5955,-0.6487,0.3468 timestamp: 1512116336350
0.3328,-0.5972,-0.6393,0.3520 timestamp: 1512116336370
0.3368,-0.6010,-0.6331,0.3529 timestamp: 1512116336410
0.3408,-0.6053,-0.6269,0.3528 timestamp: 1512116336411
0.3460,-0.6095,-0.6199,0.3529 timestamp: 1512116336429
0.3539,-0.6160,-0.6092,0.3524 timestamp: 1512116336449
0.3567,-0.6208,-0.6039,0.3503 timestamp: 1512116336471
0.3584,-0.6256,-0.5993,0.3479 timestamp: 1512116336489
0.3590,-0.6306,-0.5957,0.3444 timestamp: 1512116336510
0.3587,-0.6355,-0.5931,0.3402 timestamp: 1512116336530
0.3580,-0.6402,-0.5911,0.3355 timestamp: 1512116336569
0.3573,-0.6442,-0.5897,0.3311 timestamp: 1512116336570
0.3573,-0.6476,-0.5879,0.3276 timestamp: 1512116336589
0.3580,-0.6506,-0.5856,0.3250 timestamp: 1512116336609
0.3584,-0.6534,-0.5836,0.3225 timestamp: 1512116336629
0.3581,-0.6558,-0.5823,0.3203 timestamp: 1512116336650
0.3574,-0.6579,-0.5815,0.3183 timestamp: 1512116336669
0.3604,-0.6558,-0.5809,0.3203 timestamp: 1512116336689
0.3630,-0.6541,-0.5802,0.3221 timestamp: 1512116336710
0.3659,-0.6536,-0.5785,0.3229 timestamp: 1512116336729
0.3648,-0.6545,-0.5788,0.3218 timestamp: 1512116336749
0.3624,-0.6553,-0.5804,0.3200 timestamp: 1512116336770
0.3621,-0.6552,-0.5809,0.3196 timestamp: 1512116336789
0.3599,-0.6551,-0.5832,0.3181 timestamp: 1512116336809
0.3554,-0.6555,-0.5870,0.3153 timestamp: 1512116336830
0.3524,-0.6554,-0.5900,0.3133 timestamp: 1512116336870
0.3544,-0.6524,-0.5910,0.3154 timestamp: 1512116336871
0.3564,-0.6488,-0.5922,0.3183 timestamp: 1512116336889
0.3579,-0.6455,-0.5935,0.3209 timestamp: 1512116336909
0.3570,-0.6443,-0.5952,0.3212 timestamp: 1512116336930
0.3577,-0.6420,-0.5963,0.3230 timestamp: 1512116336950
0.3589,-0.6380,-0.5981,0.3262 timestamp: 1512116336970
0.3599,-0.6358,-0.5990,0.3278 timestamp: 1512116337009
0.3605,-0.6342,-0.5998,0.3287 timestamp: 1512116337030
0.3613,-0.6319,-0.6008,0.3305 timestamp: 1512116337049
0.3625,-0.6291,-0.6019,0.3325 timestamp: 1512116337069
0.3631,-0.6264,-0.6034,0.3342 timestamp: 1512116337089
0.3633,-0.6239,-0.6050,0.3358 timestamp: 1512116337110
0.3633,-0.6212,-0.6068,0.3375 timestamp: 1512116337129
0.3631,-0.6185,-0.6089,0.3389 timestamp: 1512116337150
0.3624,-0.6159,-0.6111,0.3404 timestamp: 1512116337170
0.3613,-0.6131,-0.6137,0.3420 timestamp: 1512116337190
0.3600,-0.6103,-0.6162,0.3438 timestamp: 1512116337210
0.3563,-0.6060,-0.6212,0.3463 timestamp: 1512116337230
0.3542,-0.6024,-0.6246,0.3486 timestamp: 1512116337250
0.3518,-0.5982,-0.6287,0.3509 timestamp: 1512116337291
0.3497,-0.5937,-0.6327,0.3534 timestamp: 1512116337293
0.3474,-0.5886,-0.6371,0.3563 timestamp: 1512116337329
0.3446,-0.5833,-0.6420,0.3590 timestamp: 1512116337331
0.3417,-0.5776,-0.6471,0.3618 timestamp: 1512116337349
0.3382,-0.5718,-0.6524,0.3647 timestamp: 1512116337369
0.3339,-0.5658,-0.6582,0.3676 timestamp: 1512116337390
0.3286,-0.5596,-0.6647,0.3702 timestamp: 1512116337429
0.3235,-0.5529,-0.6713,0.3728 timestamp: 1512116337430
0.3193,-0.5453,-0.6776,0.3762 timestamp: 1512116337450
0.3156,-0.5372,-0.6838,0.3798 timestamp: 1512116337490
0.3104,-0.5244,-0.6926,0.3860 timestamp: 1512116337491
0.3061,-0.5160,-0.6985,0.3901 timestamp: 1512116337509
0.3011,-0.5079,-0.7043,0.3941 timestamp: 1512116337530
0.2962,-0.4998,-0.7099,0.3981 timestamp: 1512116337550
0.2911,-0.4912,-0.7158,0.4020 timestamp: 1512116337570
0.2853,-0.4813,-0.7224,0.4063 timestamp: 1512116337609
0.2805,-0.4715,-0.7284,0.4104 timestamp: 1512116337611
0.2772,-0.4626,-0.7332,0.4142 timestamp: 1512116337629
0.2735,-0.4539,-0.7380,0.4178 timestamp: 1512116337650
0.2687,-0.4452,-0.7429,0.4215 timestamp: 1512116337689
0.2639,-0.4374,-0.7475,0.4246 timestamp: 1512116337691
0.2582,-0.4287,-0.7529,0.4274 timestamp: 1512116337710
0.2503,-0.4156,-0.7607,0.4312 timestamp: 1512116337749
0.2455,-0.4071,-0.7654,0.4338 timestamp: 1512116337769
0.2407,-0.3973,-0.7701,0.4372 timestamp: 1512116337789
0.2352,-0.3871,-0.7749,0.4409 timestamp: 1512116337810
0.2292,-0.3765,-0.7798,0.4446 timestamp: 1512116337830
0.2231,-0.3654,-0.7848,0.4481 timestamp: 1512116337849
0.2181,-0.3534,-0.7895,0.4519 timestamp: 1512116337870
0.2135,-0.3409,-0.7940,0.4558 timestamp: 1512116337890
0.2088,-0.3284,-0.7982,0.4598 timestamp: 1512116337930
0.2044,-0.3155,-0.8021,0.4640 timestamp: 1512116337931
0.1995,-0.3022,-0.8061,0.4681 timestamp: 1512116337950
0.1931,-0.2894,-0.8102,0.4717 timestamp: 1512116337969
0.1856,-0.2771,-0.8143,0.4751 timestamp: 1512116337989
0.1752,-0.2592,-0.8198,0.4796 timestamp: 1512116338010
0.1687,-0.2470,-0.8233,0.4824 timestamp: 1512116338030
0.1616,-0.2353,-0.8266,0.4850 timestamp: 1512116338070
0.1538,-0.2241,-0.8296,0.4877 timestamp: 1512116338071
0.1462,-0.2129,-0.8324,0.4903 timestamp: 1512116338090
0.1390,-0.2017,-0.8351,0.4925 timestamp: 1512116338109
0.1324,-0.1907,-0.8375,0.4947 timestamp: 1512116338130
0.1263,-0.1793,-0.8399,0.4965 timestamp: 1512116338150
0.1198,-0.1683,-0.8422,0.4980 timestamp: 1512116338169
0.1132,-0.1574,-0.8445,0.4992 timestamp: 1512116338191
0.1067,-0.1473,-0.8466,0.5002 timestamp: 1512116338230
0.1018,-0.1372,-0.8488,0.5004 timestamp: 1512116338231
0.0974,-0.1272,-0.8512,0.4998 timestamp: 1512116338250
0.0865,-0.1141,-0.8546,0.4992 timestamp: 1512116338269
0.0778,-0.1060,-0.8569,0.4984 timestamp: 1512116338289
0.0710,-0.0973,-0.8593,0.4971 timestamp: 1512116338310
0.0663,-0.0884,-0.8615,0.4956 timestamp: 1512116338330
0.0612,-0.0798,-0.8637,0.4939 timestamp: 1512116338350
0.0562,-0.0713,-0.8658,0.4921 timestamp: 1512116338401
0.0511,-0.0630,-0.8680,0.4899 timestamp: 1512116338404
0.0451,-0.0554,-0.8701,0.4877 timestamp: 1512116338439
0.0384,-0.0486,-0.8717,0.4861 timestamp: 1512116338442
0.0332,-0.0419,-0.8731,0.4846 timestamp: 1512116338459
0.0294,-0.0360,-0.8741,0.4835 timestamp: 1512116338479
0.0262,-0.0304,-0.8750,0.4825 timestamp: 1512116338500
0.0224,-0.0258,-0.8755,0.4820 timestamp: 1512116338520
0.0162,-0.0201,-0.8756,0.4823 timestamp: 1512116338539
0.0138,-0.0156,-0.8755,0.4828 timestamp: 1512116338560
0.0121,-0.0101,-0.8754,0.4831 timestamp: 1512116338599
0.0112,-0.0028,-0.8748,0.4843 timestamp: 1512116338600
0.0130,0.0082,-0.8738,0.4860 timestamp: 1512116338620
0.0201,0.0280,-0.8722,0.4879 timestamp: 1512116338639
0.0199,0.0397,-0.8706,0.4900 timestamp: 1512116338660
0.0060,0.0304,-0.8702,0.4917 timestamp: 1512116338680
0.0026,0.0281,-0.8702,0.4919 timestamp: 1512116338699
0.0011,0.0274,-0.8701,0.4921 timestamp: 1512116338719
0.0011,0.0275,-0.8701,0.4921 timestamp: 1512116338740
0.0032,0.0242,-0.8713,0.4901 timestamp: 1512116338759
0.0034,0.0241,-0.8713,0.4901 timestamp: 1512116338779
0.0053,0.0220,-0.8724,0.4883 timestamp: 1512116338800
0.0048,0.0216,-0.8724,0.4883 timestamp: 1512116338819
0.0053,0.0202,-0.8731,0.4871 timestamp: 1512116338839
0.0059,0.0191,-0.8738,0.4859 timestamp: 1512116338860
0.0065,0.0182,-0.8743,0.4850 timestamp: 1512116338879
0.0070,0.0174,-0.8746,0.4845 timestamp: 1512116338899
0.0072,0.0168,-0.8748,0.4841 timestamp: 1512116338960
0.0074,0.0163,-0.8751,0.4836 timestamp: 1512116338962
0.0076,0.0159,-0.8750,0.4838 timestamp: 1512116339000
0.0078,0.0154,-0.8752,0.4835 timestamp: 1512116339002
0.0079,0.0152,-0.8758,0.4824 timestamp: 1512116339040
0.0081,0.0149,-0.8762,0.4816 timestamp: 1512116339042
0.0082,0.0146,-0.8771,0.4800 timestamp: 1512116339061
0.0084,0.0144,-0.8775,0.4793 timestamp: 1512116339100
0.0084,0.0142,-0.8777,0.4789 timestamp: 1512116339102
0.0086,0.0140,-0.8780,0.4784 timestamp: 1512116339121
0.0088,0.0137,-0.8782,0.4780 timestamp: 1512116339160
0.0088,0.0136,-0.8784,0.4777 timestamp: 1512116339162
0.0089,0.0134,-0.8786,0.4773 timestamp: 1512116339200
0.0089,0.0134,-0.8788,0.4769 timestamp: 1512116339202
0.0090,0.0133,-0.8790,0.4766 timestamp: 1512116339219
0.0090,0.0132,-0.8794,0.4758 timestamp: 1512116339240
0.0091,0.0131,-0.8797,0.4753 timestamp: 1512116339260
0.0092,0.0130,-0.8799,0.4749 timestamp: 1512116339279
0.0092,0.0129,-0.8801,0.4745 timestamp: 1512116339300
0.0093,0.0127,-0.8803,0.4742 timestamp: 1512116339319
0.0093,0.0127,-0.8804,0.4740 timestamp: 1512116339340
0.0093,0.0126,-0.8805,0.4738 timestamp: 1512116339361
0.0093,0.0125,-0.8807,0.4734 timestamp: 1512116339399
0.0094,0.0125,-0.8809,0.4730 timestamp: 1512116339403
0.0094,0.0125,-0.8809,0.4730 timestamp: 1512116339420
0.0095,0.0125,-0.8809,0.4730 timestamp: 1512116339440
0.0102,0.0132,-0.8807,0.4734 timestamp: 1512116339460
0.0108,0.0138,-0.8795,0.4756 timestamp: 1512116339501
0.0137,0.0155,-0.8788,0.4767 timestamp: 1512116339502
0.0138,0.0155,-0.8789,0.4766 timestamp: 1512116339520
0.0148,0.0161,-0.8791,0.4761 timestamp: 1512116339540
0.0137,0.0157,-0.8793,0.4758 timestamp: 1512116339559
0.0126,0.0157,-0.8792,0.4760 timestamp: 1512116339579
0.0114,0.0162,-0.8780,0.4783 timestamp: 1512116339600
0.0094,0.0167,-0.8762,0.4816 timestamp: 1512116339619
0.0064,0.0165,-0.8753,0.4833 timestamp: 1512116339640
0.0022,0.0167,-0.8751,0.4836 timestamp: 1512116339662
-0.0051,0.0173,-0.8748,0.4841 timestamp: 1512116339680
-0.0173,0.0192,-0.8737,0.4858 timestamp: 1512116339719
-0.0293,0.0229,-0.8716,0.4888 timestamp: 1512116339740
-0.0357,0.0334,-0.8691,0.4922 timestamp: 1512116339759
-0.0375,0.0508,-0.8667,0.4948 timestamp: 1512116339780
-0.0379,0.0713,-0.8643,0.4965 timestamp: 1512116339800
-0.0447,0.0989,-0.8603,0.4981 timestamp: 1512116339819
-0.0518,0.1161,-0.8577,0.4982 timestamp: 1512116339839
-0.0525,0.1280,-0.8568,0.4967 timestamp: 1512116339860
-0.0505,0.1453,-0.8553,0.4948 timestamp: 1512116339879
-0.0490,0.1613,-0.8534,0.4932 timestamp: 1512116339919
-0.0516,0.1755,-0.8514,0.4916 timestamp: 1512116339920
-0.0568,0.1879,-0.8498,0.4892 timestamp: 1512116339939
-0.0637,0.1989,-0.8483,0.4866 timestamp: 1512116339959
-0.0704,0.2096,-0.8464,0.4845 timestamp: 1512116340000
-0.0760,0.2202,-0.8443,0.4826 timestamp: 1512116340004
-0.0805,0.2299,-0.8419,0.4815 timestamp: 1512116340019
-0.0868,0.2377,-0.8391,0.4815 timestamp: 1512116340039
-0.0952,0.2451,-0.8360,0.4816 timestamp: 1512116340060
-0.1037,0.2628,-0.8317,0.4780 timestamp: 1512116340079
-0.1116,0.2752,-0.8281,0.4755 timestamp: 1512116340099
-0.1191,0.2868,-0.8246,0.4729 timestamp: 1512116340119
-0.1241,0.2987,-0.8213,0.4699 timestamp: 1512116340139
-0.1312,0.3094,-0.8175,0.4677 timestamp: 1512116340159
-0.1420,0.3186,-0.8127,0.4667 timestamp: 1512116340179
-0.1538,0.3272,-0.8077,0.4657 timestamp: 1512116340200
-0.1647,0.3362,-0.8026,0.4644 timestamp: 1512116340240
-0.1710,0.3462,-0.7991,0.4608 timestamp: 1512116340242
-0.1776,0.3567,-0.7947,0.4579 timestamp: 1512116340259
-0.1830,0.3670,-0.7909,0.4542 timestamp: 1512116340279
-0.1882,0.3769,-0.7870,0.4507 timestamp: 1512116340300
-0.1963,0.3852,-0.7821,0.4488 timestamp: 1512116340320
-0.2089,0.3961,-0.7744,0.4470 timestamp: 1512116340340
-0.2144,0.4051,-0.7699,0.4441 timestamp: 1512116340360
-0.2193,0.4147,-0.7655,0.4404 timestamp: 1512116340403
-0.2237,0.4245,-0.7612,0.4363 timestamp: 1512116340405
-0.2277,0.4346,-0.7571,0.4314 timestamp: 1512116340439
-0.2311,0.4450,-0.7529,0.4263 timestamp: 1512116340442
-0.2358,0.4546,-0.7480,0.4222 timestamp: 1512116340462
-0.2394,0.4639,-0.7441,0.4169 timestamp: 1512116340499
-0.2454,0.4735,-0.7380,0.4134 timestamp: 1512116340519
-0.2525,0.4818,-0.7318,0.4106 timestamp: 1512116340540
-0.2586,0.4904,-0.7259,0.4071 timestamp: 1512116340560
-0.2608,0.5006,-0.7213,0.4014 timestamp: 1512116340580
-0.2651,0.5106,-0.7148,0.3976 timestamp: 1512116340620
-0.2684,0.5209,-0.7085,0.3933 timestamp: 1512116340622
-0.2715,0.5363,-0.7008,0.3841 timestamp: 1512116340640
-0.2739,0.5450,-0.6958,0.3792 timestamp: 1512116340669
-0.2771,0.5529,-0.6906,0.3750 timestamp: 1512116340670
-0.2808,0.5604,-0.6851,0.3711 timestamp: 1512116340700
-0.2848,0.5676,-0.6793,0.3678 timestamp: 1512116340720
-0.2888,0.5748,-0.6732,0.3647 timestamp: 1512116340740
-0.2930,0.5814,-0.6671,0.3621 timestamp: 1512116340780
-0.2973,0.5882,-0.6610,0.3588 timestamp: 1512116340781
-0.3016,0.5947,-0.6552,0.3551 timestamp: 1512116340799
-0.3064,0.6005,-0.6492,0.3522 timestamp: 1512116340820
-0.3125,0.6055,-0.6423,0.3509 timestamp: 1512116340860
-0.3180,0.6108,-0.6358,0.3487 timestamp: 1512116340861
-0.3189,0.6162,-0.6320,0.3452 timestamp: 1512116340879
-0.3237,0.6264,-0.6228,0.3391 timestamp: 1512116340900
-0.3256,0.6335,-0.6175,0.3337 timestamp: 1512116340920
-0.3296,0.6392,-0.6116,0.3297 timestamp: 1512116340939
-0.3333,0.6446,-0.6058,0.3262 timestamp: 1512116340960
-0.3375,0.6490,-0.5995,0.3248 timestamp: 1512116340980
-0.3421,0.6529,-0.5928,0.3245 timestamp: 1512116341000
-0.3457,0.6568,-0.5867,0.3239 timestamp: 1512116341040
-0.3486,0.6604,-0.5815,0.3228 timestamp: 1512116341042
-0.3508,0.6639,-0.5770,0.3213 timestamp: 1512116341060
-0.3523,0.6673,-0.5733,0.3193 timestamp: 1512116341100
-0.3534,0.6703,-0.5700,0.3177 timestamp: 1512116341102
-0.3540,0.6728,-0.5672,0.3167 timestamp: 1512116341120
-0.3544,0.6747,-0.5653,0.3156 timestamp: 1512116341140
-0.3544,0.6761,-0.5641,0.3148 timestamp: 1512116341160
-0.3528,0.6778,-0.5643,0.3125 timestamp: 1512116341200
-0.3505,0.6787,-0.5657,0.3106 timestamp: 1512116341203
-0.3464,0.6809,-0.5673,0.3075 timestamp: 1512116341219
-0.3423,0.6817,-0.5698,0.3057 timestamp: 1512116341239
-0.3388,0.6820,-0.5726,0.3037 timestamp: 1512116341260
-0.3358,0.6812,-0.5754,0.3035 timestamp: 1512116341279
-0.3330,0.6805,-0.5779,0.3034 timestamp: 1512116341299
-0.3289,0.6788,-0.5823,0.3033 timestamp: 1512116341340
-0.3245,0.6755,-0.5878,0.3048 timestamp: 1512116341360
-0.3214,0.6695,-0.5946,0.3081 timestamp: 1512116341400
-0.3181,0.6624,-0.6023,0.3119 timestamp: 1512116341402
-0.3145,0.6548,-0.6104,0.3158 timestamp: 1512116341420
-0.3103,0.6473,-0.6186,0.3195 timestamp: 1512116341439
-0.3028,0.6353,-0.6319,0.3247 timestamp: 1512116341460
-0.2943,0.6272,-0.6437,0.3251 timestamp: 1512116341480
-0.2838,0.6188,-0.6569,0.3241 timestamp: 1512116341520
-0.2741,0.6089,-0.6694,0.3256 timestamp: 1512116341521
-0.2674,0.5972,-0.6798,0.3312 timestamp: 1512116341539
-0.2624,0.5844,-0.6888,0.3394 timestamp: 1512116341560
-0.2596,0.5706,-0.6962,0.3498 timestamp: 1512116341600
-0.2565,0.5561,-0.7039,0.3598 timestamp: 1512116341602
-0.2508,0.5417,-0.7130,0.3678 timestamp: 1512116341619
-0.2427,0.5266,-0.7235,0.3746 timestamp: 1512116341640
-0.2324,0.5109,-0.7347,0.3810 timestamp: 1512116341660
-0.2188,0.4940,-0.7473,0.3868 timestamp: 1512116341680
-0.2051,0.4757,-0.7604,0.3917 timestamp: 1512116341720
-0.1924,0.4575,-0.7733,0.3946 timestamp: 1512116341722
-0.1779,0.4340,-0.7912,0.3924 timestamp: 1512116341739
-0.1707,0.4188,-0.8013,0.3916 timestamp: 1512116341761
-0.1579,0.4059,-0.8112,0.3902 timestamp: 1512116341800
-0.1472,0.3921,-0.8192,0.3918 timestamp: 1512116341802
-0.1420,0.3761,-0.8248,0.3976 timestamp: 1512116341819
-0.1420,0.3590,-0.8282,0.4063 timestamp: 1512116341839
-0.1431,0.3429,-0.8299,0.4162 timestamp: 1512116341859
-0.1430,0.3293,-0.8302,0.4265 timestamp: 1512116341880
-0.1420,0.3159,-0.8298,0.4376 timestamp: 1512116341900
-0.1389,0.3024,-0.8302,0.4472 timestamp: 1512116341919
-0.1333,0.2902,-0.8320,0.4536 timestamp: 1512116341940
-0.1268,0.2780,-0.8340,0.4594 timestamp: 1512116341959
-0.1201,0.2657,-0.8361,0.4647 timestamp: 1512116341979
-0.1114,0.2540,-0.8391,0.4680 timestamp: 1512116342000
-0.0928,0.2383,-0.8451,0.4695 timestamp: 1512116342019
-0.0811,0.2271,-0.8493,0.4696 timestamp: 1512116342039
-0.0733,0.2144,-0.8530,0.4702 timestamp: 1512116342060
-0.0684,0.2016,-0.8563,0.4706 timestamp: 1512116342080
-0.0636,0.1891,-0.8591,0.4713 timestamp: 1512116342099
-0.0589,0.1765,-0.8615,0.4724 timestamp: 1512116342119
-0.0559,0.1629,-0.8631,0.4748 timestamp: 1512116342140
-0.0548,0.1483,-0.8642,0.4777 timestamp: 1512116342159
-0.0534,0.1338,-0.8658,0.4792 timestamp: 1512116342199
-0.0487,0.1209,-0.8680,0.4792 timestamp: 1512116342219
-0.0427,0.1089,-0.8704,0.4782 timestamp: 1512116342239
-0.0377,0.0978,-0.8727,0.4769 timestamp: 1512116342280
-0.0326,0.0880,-0.8750,0.4749 timestamp: 1512116342280
-0.0276,0.0786,-0.8773,0.4727 timestamp: 1512116342300
-0.0221,0.0650,-0.8810,0.4681 timestamp: 1512116342320
-0.0174,0.0578,-0.8832,0.4651 timestamp: 1512116342339
-0.0103,0.0519,-0.8845,0.4635 timestamp: 1512116342359
-0.0049,0.0459,-0.8846,0.4641 timestamp: 1512116342379
-0.0031,0.0394,-0.8845,0.4649 timestamp: 1512116342400
-0.0005,0.0340,-0.8847,0.4649 timestamp: 1512116342420
0.0020,0.0290,-0.8853,0.4641 timestamp: 1512116342439
0.0010,0.0231,-0.8861,0.4629 timestamp: 1512116342459
-0.0016,0.0171,-0.8870,0.4614 timestamp: 1512116342480
-0.0040,0.0117,-0.8876,0.4604 timestamp: 1512116342500
-0.0063,0.0071,-0.8880,0.4597 timestamp: 1512116342539
-0.0071,0.0043,-0.8883,0.4592 timestamp: 1512116342540
-0.0057,0.0035,-0.8888,0.4582 timestamp: 1512116342560
-0.0056,0.0083,-0.8887,0.4584 timestamp: 1512116342599
-0.0008,0.0125,-0.8892,0.4573 timestamp: 1512116342600
0.0048,0.0146,-0.8892,0.4573 timestamp: 1512116342620
0.0087,0.0161,-0.8893,0.4570 timestamp: 1512116342640
0.0124,0.0169,-0.8895,0.4565 timestamp: 1512116342660
0.0140,0.0178,-0.8900,0.4554 timestamp: 1512116342680
0.0137,0.0171,-0.8897,0.4560 timestamp: 1512116342720
0.0120,0.0164,-0.8902,0.4551 timestamp: 1512116342721
0.0115,0.0161,-0.8902,0.4551 timestamp: 1512116342741
0.0107,0.0151,-0.8905,0.4546 timestamp: 1512116342761
0.0113,0.0150,-0.8902,0.4552 timestamp: 1512116342802
0.0105,0.0143,-0.8892,0.4572 timestamp: 1512116342803
0.0106,0.0141,-0.8888,0.4580 timestamp: 1512116342819
0.0102,0.0137,-0.8886,0.4584 timestamp: 1512116342839
0.0101,0.0134,-0.8883,0.4590 timestamp: 1512116342860
0.0098,0.0129,-0.8875,0.4605 timestamp: 1512116342879
0.0096,0.0128,-0.8871,0.4613 timestamp: 1512116342900
0.0095,0.0127,-0.8867,0.4621 timestamp: 1512116342919
0.0093,0.0126,-0.8861,0.4632 timestamp: 1512116342939
0.0093,0.0125,-0.8859,0.4636 timestamp: 1512116342960
0.0092,0.0123,-0.8855,0.4644 timestamp: 1512116342980
0.0091,0.0122,-0.8850,0.4653 timestamp: 1512116343020
0.0090,0.0121,-0.8848,0.4657 timestamp: 1512116343020
0.0090,0.0121,-0.8847,0.4659 timestamp: 1512116343040
0.0090,0.0120,-0.8845,0.4663 timestamp: 1512116343060
0.0090,0.0119,-0.8844,0.4665 timestamp: 1512116343080
0.0090,0.0118,-0.8844,0.4665 timestamp: 1512116343122
0.0089,0.0118,-0.8844,0.4665 timestamp: 1512116343123
0.0088,0.0117,-0.8842,0.4669 timestamp: 1512116343160
0.0088,0.0117,-0.8840,0.4673 timestamp: 1512116343200
0.0088,0.0116,-0.8840,0.4673 timestamp: 1512116343203
0.0088,0.0115,-0.8839,0.4675 timestamp: 1512116343220
0.0088,0.0115,-0.8840,0.4673 timestamp: 1512116343240
0.0088,0.0115,-0.8839,0.4675 timestamp: 1512116343260
0.0087,0.0114,-0.8838,0.4676 timestamp: 1512116343279
0.0091,0.0116,-0.8838,0.4676 timestamp: 1512116343300
0.0093,0.0117,-0.8838,0.4676 timestamp: 1512116343341
0.0098,0.0119,-0.8836,0.4680 timestamp: 1512116343342
0.0112,0.0127,-0.8836,0.4679 timestamp: 1512116343360
0.0130,0.0136,-0.8836,0.4679 timestamp: 1512116343380
0.0137,0.0140,-0.8833,0.4684 timestamp: 1512116343399
0.0122,0.0132,-0.8830,0.4690 timestamp: 1512116343421
0.0104,0.0122,-0.8830,0.4691 timestamp: 1512116343442
