0.0092,0.0136,-0.9230,0.3844 timestamp: 1512295162677
0.0092,0.0135,-0.9215,0.3880 timestamp: 1512295162696
0.0093,0.0135,-0.9199,0.3918 timestamp: 1512295162716
0.0094,0.0135,-0.9179,0.3965 timestamp: 1512295162737
0.0095,0.0135,-0.9155,0.4020 timestamp: 1512295162757
0.0095,0.0134,-0.9124,0.4090 timestamp: 1512295162777
0.0087,0.0127,-0.9064,0.4221 timestamp: 1512295162798
0.0071,0.0116,-0.9015,0.4326 timestamp: 1512295162837
0.0074,0.0118,-0.8959,0.4440 timestamp: 1512295162841
0.0083,0.0124,-0.8900,0.4557 timestamp: 1512295162878
0.0104,0.0138,-0.8835,0.4681 timestamp: 1512295162880
0.0090,0.0125,-0.8760,0.4821 timestamp: 1512295162897
0.0084,0.0118,-0.8681,0.4962 timestamp: 1512295162917
0.0100,0.0128,-0.8592,0.5114 timestamp: 1512295162937
0.0107,0.0130,-0.8500,0.5265 timestamp: 1512295162957
0.0103,0.0124,-0.8403,0.5419 timestamp: 1512295162979
0.0112,0.0129,-0.8285,0.5597 timestamp: 1512295163001
0.0108,0.0122,-0.8159,0.5780 timestamp: 1512295163038
0.0108,0.0119,-0.8043,0.5940 timestamp: 1512295163040
0.0111,0.0118,-0.7920,0.6103 timestamp: 1512295163076
0.0117,0.0118,-0.7718,0.6356 timestamp: 1512295163078
0.0120,0.0117,-0.7581,0.6519 timestamp: 1512295163098
0.0122,0.0114,-0.7386,0.6739 timestamp: 1512295163117
0.0124,0.0113,-0.7241,0.6895 timestamp: 1512295163136
0.0125,0.0110,-0.7087,0.7053 timestamp: 1512295163157
0.0127,0.0107,-0.6885,0.7250 timestamp: 1512295163176
0.0123,0.0097,-0.6723,0.7401 timestamp: 1512295163197
0.0121,0.0085,-0.6474,0.7620 timestamp: 1512295163218
0.0123,0.0082,-0.6296,0.7768 timestamp: 1512295163247
0.0128,0.0084,-0.6095,0.7926 timestamp: 1512295163268
0.0135,0.0092,-0.5872,0.8093 timestamp: 1512295163307
0.0135,0.0085,-0.5642,0.8255 timestamp: 1512295163311
0.0133,0.0074,-0.5425,0.8399 timestamp: 1512295163328
0.0134,0.0064,-0.5084,0.8610 timestamp: 1512295163349
0.0135,0.0058,-0.4881,0.8727 timestamp: 1512295163388
0.0135,0.0051,-0.4507,0.8926 timestamp: 1512295163394
0.0138,0.0051,-0.4229,0.9061 timestamp: 1512295163412
0.0142,0.0058,-0.3995,0.9166 timestamp: 1512295163427
0.0144,0.0055,-0.3721,0.9281 timestamp: 1512295163447
0.0142,0.0039,-0.3506,0.9364 timestamp: 1512295163467
0.0138,0.0017,-0.3312,0.9435 timestamp: 1512295163486
0.0138,0.0010,-0.3123,0.9499 timestamp: 1512295163507
0.0142,0.0027,-0.2918,0.9564 timestamp: 1512295163527
0.0144,0.0039,-0.2712,0.9624 timestamp: 1512295163547
0.0144,0.0026,-0.2509,0.9679 timestamp: 1512295163590
0.0143,0.0014,-0.2303,0.9730 timestamp: 1512295163592
0.0143,0.0009,-0.2095,0.9777 timestamp: 1512295163627
0.0144,0.0008,-0.1895,0.9818 timestamp: 1512295163629
0.0144,0.0005,-0.1517,0.9883 timestamp: 1512295163647
0.0144,0.0001,-0.1247,0.9921 timestamp: 1512295163666
0.0144,-0.0008,-0.1075,0.9941 timestamp: 1512295163686
0.0144,-0.0010,-0.0815,0.9966 timestamp: 1512295163717
0.0143,-0.0006,-0.0639,0.9979 timestamp: 1512295163736
0.0142,-0.0002,-0.0460,0.9988 timestamp: 1512295163756
0.0142,-0.0007,-0.0282,0.9995 timestamp: 1512295163777
0.0142,-0.0013,-0.0110,0.9998 timestamp: 1512295163796
0.0141,-0.0013,0.0140,0.9998 timestamp: 1512295163816
0.0139,-0.0011,0.0287,0.9995 timestamp: 1512295163837
0.0138,-0.0018,0.0559,0.9983 timestamp: 1512295163857
0.0139,-0.0031,0.0813,0.9966 timestamp: 1512295163877
0.0142,-0.0046,0.0989,0.9950 timestamp: 1512295163897
0.0143,-0.0057,0.1165,0.9931 timestamp: 1512295163918
0.0140,-0.0048,0.1335,0.9909 timestamp: 1512295163937
0.0140,-0.0057,0.1643,0.9863 timestamp: 1512295163958
0.0137,-0.0054,0.1896,0.9818 timestamp: 1512295163977
0.0138,-0.0059,0.2048,0.9787 timestamp: 1512295164018
0.0137,-0.0060,0.2199,0.9754 timestamp: 1512295164022
0.0136,-0.0059,0.2345,0.9720 timestamp: 1512295164038
0.0137,-0.0067,0.2488,0.9684 timestamp: 1512295164057
0.0136,-0.0066,0.2644,0.9643 timestamp: 1512295164078
0.0137,-0.0071,0.2774,0.9606 timestamp: 1512295164097
0.0134,-0.0068,0.2894,0.9571 timestamp: 1512295164137
0.0136,-0.0073,0.3007,0.9536 timestamp: 1512295164140
0.0134,-0.0072,0.3119,0.9500 timestamp: 1512295164177
0.0133,-0.0073,0.3234,0.9461 timestamp: 1512295164180
0.0131,-0.0072,0.3350,0.9421 timestamp: 1512295164198
0.0131,-0.0074,0.3463,0.9380 timestamp: 1512295164217
0.0128,-0.0072,0.3618,0.9321 timestamp: 1512295164237
0.0127,-0.0074,0.3749,0.9269 timestamp: 1512295164278
0.0126,-0.0073,0.3843,0.9231 timestamp: 1512295164280
0.0125,-0.0074,0.3959,0.9182 timestamp: 1512295164297
0.0124,-0.0075,0.4061,0.9137 timestamp: 1512295164318
0.0124,-0.0075,0.4166,0.9090 timestamp: 1512295164358
0.0124,-0.0077,0.4236,0.9057 timestamp: 1512295164391
0.0123,-0.0076,0.4324,0.9016 timestamp: 1512295164409
0.0123,-0.0078,0.4401,0.8978 timestamp: 1512295164427
0.0123,-0.0080,0.4467,0.8946 timestamp: 1512295164440
0.0122,-0.0081,0.4522,0.8918 timestamp: 1512295164457
0.0121,-0.0080,0.4576,0.8890 timestamp: 1512295164497
0.0121,-0.0081,0.4611,0.8872 timestamp: 1512295164500
0.0115,-0.0075,0.4666,0.8844 timestamp: 1512295164518
0.0117,-0.0078,0.4734,0.8807 timestamp: 1512295164537
0.0120,-0.0082,0.4790,0.8777 timestamp: 1512295164557
0.0117,-0.0081,0.4842,0.8748 timestamp: 1512295164578
0.0118,-0.0082,0.4896,0.8718 timestamp: 1512295164617
0.0117,-0.0081,0.4930,0.8699 timestamp: 1512295164620
0.0116,-0.0080,0.4968,0.8678 timestamp: 1512295164637
0.0117,-0.0082,0.4995,0.8662 timestamp: 1512295164657
0.0117,-0.0081,0.5027,0.8643 timestamp: 1512295164698
0.0113,-0.0077,0.5046,0.8632 timestamp: 1512295164701
0.0117,-0.0080,0.5048,0.8631 timestamp: 1512295164726
0.0114,-0.0077,0.5053,0.8628 timestamp: 1512295164757
0.0114,-0.0076,0.5053,0.8628 timestamp: 1512295164759
0.0115,-0.0076,0.5047,0.8632 timestamp: 1512295164776
0.0114,-0.0075,0.5038,0.8637 timestamp: 1512295164797
0.0114,-0.0073,0.5028,0.8643 timestamp: 1512295164817
0.0114,-0.0072,0.5018,0.8649 timestamp: 1512295164857
0.0113,-0.0071,0.5013,0.8652 timestamp: 1512295164859
0.0113,-0.0070,0.5007,0.8655 timestamp: 1512295164877
0.0113,-0.0069,0.5001,0.8659 timestamp: 1512295164897
0.0113,-0.0068,0.5002,0.8658 timestamp: 1512295164917
0.0112,-0.0068,0.5011,0.8653 timestamp: 1512295164937
0.0112,-0.0067,0.5016,0.8650 timestamp: 1512295164958
0.0112,-0.0066,0.5017,0.8649 timestamp: 1512295164977
0.0112,-0.0065,0.5018,0.8649 timestamp: 1512295165018
0.0111,-0.0065,0.5020,0.8648 timestamp: 1512295165021
0.0111,-0.0064,0.5017,0.8649 timestamp: 1512295165037
0.0111,-0.0063,0.5012,0.8652 timestamp: 1512295165057
0.0111,-0.0062,0.5012,0.8652 timestamp: 1512295165077
0.0111,-0.0061,0.5005,0.8656 timestamp: 1512295165097
0.0110,-0.0060,0.4991,0.8665 timestamp: 1512295165118
0.0110,-0.0059,0.4992,0.8664 timestamp: 1512295165157
0.0110,-0.0058,0.4987,0.8667 timestamp: 1512295165161
0.0110,-0.0057,0.4981,0.8670 timestamp: 1512295165177
0.0110,-0.0057,0.4975,0.8674 timestamp: 1512295165197
0.0109,-0.0056,0.4973,0.8675 timestamp: 1512295165217
0.0109,-0.0055,0.4973,0.8675 timestamp: 1512295165257
0.0109,-0.0054,0.4973,0.8675 timestamp: 1512295165278
0.0109,-0.0054,0.4974,0.8674 timestamp: 1512295165318
0.0109,-0.0053,0.4973,0.8675 timestamp: 1512295165323
0.0108,-0.0052,0.4972,0.8676 timestamp: 1512295165337
0.0108,-0.0052,0.4968,0.8678 timestamp: 1512295165357
0.0108,-0.0051,0.4970,0.8677 timestamp: 1512295165397
0.0107,-0.0050,0.4977,0.8673 timestamp: 1512295165401
0.0107,-0.0049,0.4978,0.8672 timestamp: 1512295165417
0.0107,-0.0049,0.4976,0.8673 timestamp: 1512295165437
0.0107,-0.0048,0.4978,0.8672 timestamp: 1512295165457
0.0106,-0.0047,0.5015,0.8651 timestamp: 1512295165477
0.0106,-0.0048,0.5076,0.8615 timestamp: 1512295165497
0.0105,-0.0048,0.5160,0.8565 timestamp: 1512295165537
0.0097,-0.0039,0.5246,0.8513 timestamp: 1512295165540
0.0092,-0.0034,0.5330,0.8461 timestamp: 1512295165558
0.0090,-0.0033,0.5426,0.8399 timestamp: 1512295165577
0.0088,-0.0034,0.5526,0.8334 timestamp: 1512295165597
0.0088,-0.0035,0.5607,0.8280 timestamp: 1512295165618
0.0086,-0.0036,0.5689,0.8224 timestamp: 1512295165657
0.0085,-0.0038,0.5797,0.8148 timestamp: 1512295165661
0.0082,-0.0038,0.5985,0.8011 timestamp: 1512295165677
0.0081,-0.0040,0.6128,0.7902 timestamp: 1512295165697
0.0080,-0.0041,0.6222,0.7828 timestamp: 1512295165717
0.0078,-0.0043,0.6315,0.7753 timestamp: 1512295165738
0.0077,-0.0044,0.6447,0.7644 timestamp: 1512295165777
0.0075,-0.0047,0.6591,0.7520 timestamp: 1512295165780
0.0074,-0.0049,0.6745,0.7382 timestamp: 1512295165798
0.0072,-0.0051,0.6897,0.7240 timestamp: 1512295165817
0.0071,-0.0052,0.6972,0.7168 timestamp: 1512295165857
0.0069,-0.0054,0.7067,0.7075 timestamp: 1512295165860
0.0067,-0.0054,0.7183,0.6957 timestamp: 1512295165876
0.0066,-0.0055,0.7304,0.6830 timestamp: 1512295165897
0.0065,-0.0056,0.7418,0.6706 timestamp: 1512295165937
0.0063,-0.0058,0.7584,0.6517 timestamp: 1512295165941
0.0062,-0.0058,0.7662,0.6425 timestamp: 1512295165957
0.0060,-0.0059,0.7745,0.6325 timestamp: 1512295165977
0.0057,-0.0060,0.7844,0.6202 timestamp: 1512295165996
0.0055,-0.0062,0.7938,0.6081 timestamp: 1512295166017
0.0053,-0.0062,0.8024,0.5967 timestamp: 1512295166037
0.0052,-0.0063,0.8129,0.5823 timestamp: 1512295166077
0.0049,-0.0065,0.8259,0.5638 timestamp: 1512295166097
0.0047,-0.0066,0.8377,0.5461 timestamp: 1512295166117
0.0046,-0.0067,0.8479,0.5301 timestamp: 1512295166136
0.0045,-0.0067,0.8592,0.5116 timestamp: 1512295166157
0.0045,-0.0068,0.8674,0.4975 timestamp: 1512295166178
0.0044,-0.0069,0.8748,0.4844 timestamp: 1512295166217
0.0043,-0.0069,0.8814,0.4723 timestamp: 1512295166222
0.0042,-0.0070,0.8921,0.4518 timestamp: 1512295166249
0.0040,-0.0071,0.9019,0.4319 timestamp: 1512295166277
0.0039,-0.0073,0.9117,0.4108 timestamp: 1512295166280
0.0035,-0.0075,0.9209,0.3897 timestamp: 1512295166297
0.0034,-0.0074,0.9252,0.3794 timestamp: 1512295166317
0.0032,-0.0076,0.9328,0.3603 timestamp: 1512295166337
0.0030,-0.0078,0.9400,0.3411 timestamp: 1512295166357
0.0029,-0.0079,0.9436,0.3310 timestamp: 1512295166377
0.0027,-0.0081,0.9490,0.3152 timestamp: 1512295166397
0.0026,-0.0082,0.9532,0.3022 timestamp: 1512295166417
0.0024,-0.0081,0.9554,0.2952 timestamp: 1512295166437
0.0022,-0.0081,0.9596,0.2812 timestamp: 1512295166457
0.0020,-0.0082,0.9655,0.2603 timestamp: 1512295166477
0.0018,-0.0083,0.9712,0.2381 timestamp: 1512295166498
0.0015,-0.0086,0.9788,0.2046 timestamp: 1512295166538
0.0013,-0.0087,0.9833,0.1818 timestamp: 1512295166540
0.0012,-0.0088,0.9860,0.1665 timestamp: 1512295166577
0.0010,-0.0089,0.9896,0.1436 timestamp: 1512295166580
0.0008,-0.0088,0.9917,0.1283 timestamp: 1512295166617
0.0008,-0.0088,0.9939,0.1099 timestamp: 1512295166620
0.0008,-0.0089,0.9956,0.0933 timestamp: 1512295166637
0.0006,-0.0089,0.9966,0.0819 timestamp: 1512295166678
0.0004,-0.0090,0.9980,0.0626 timestamp: 1512295166680
0.0003,-0.0091,0.9991,0.0414 timestamp: 1512295166697
0.0001,-0.0092,0.9997,0.0227 timestamp: 1512295166718
0.0000,-0.0093,0.9999,0.0107 timestamp: 1512295166737
0.0002,0.0094,-0.9998,0.0177 timestamp: 1512295166757
0.0003,0.0094,-0.9996,0.0267 timestamp: 1512295166777
0.0004,0.0095,-0.9990,0.0437 timestamp: 1512295166797
0.0006,0.0096,-0.9983,0.0575 timestamp: 1512295166817
0.0007,0.0097,-0.9972,0.0741 timestamp: 1512295166838
0.0009,0.0097,-0.9957,0.0921 timestamp: 1512295166857
0.0010,0.0097,-0.9946,0.1033 timestamp: 1512295166877
0.0011,0.0098,-0.9937,0.1116 timestamp: 1512295166897
0.0012,0.0098,-0.9925,0.1218 timestamp: 1512295166917
0.0012,0.0098,-0.9911,0.1328 timestamp: 1512295166937
0.0014,0.0099,-0.9898,0.1421 timestamp: 1512295166977
0.0015,0.0099,-0.9888,0.1489 timestamp: 1512295166996
0.0016,0.0100,-0.9880,0.1541 timestamp: 1512295167017
0.0017,0.0100,-0.9871,0.1598 timestamp: 1512295167057
0.0018,0.0100,-0.9855,0.1694 timestamp: 1512295167061
0.0019,0.0100,-0.9841,0.1773 timestamp: 1512295167078
0.0019,0.0100,-0.9823,0.1870 timestamp: 1512295167098
0.0020,0.0100,-0.9812,0.1927 timestamp: 1512295167137
0.0020,0.0100,-0.9802,0.1977 timestamp: 1512295167139
0.0021,0.0101,-0.9795,0.2012 timestamp: 1512295167157
0.0022,0.0101,-0.9782,0.2074 timestamp: 1512295167177
0.0022,0.0101,-0.9769,0.2134 timestamp: 1512295167197
0.0023,0.0101,-0.9757,0.2189 timestamp: 1512295167217
0.0023,0.0101,-0.9744,0.2246 timestamp: 1512295167257
0.0023,0.0101,-0.9729,0.2310 timestamp: 1512295167260
0.0024,0.0101,-0.9715,0.2368 timestamp: 1512295167277
0.0025,0.0101,-0.9706,0.2405 timestamp: 1512295167297
0.0026,0.0101,-0.9698,0.2437 timestamp: 1512295167318
0.0027,0.0101,-0.9689,0.2472 timestamp: 1512295167338
0.0028,0.0101,-0.9672,0.2538 timestamp: 1512295167357
0.0029,0.0101,-0.9661,0.2580 timestamp: 1512295167398
0.0029,0.0101,-0.9649,0.2624 timestamp: 1512295167400
0.0030,0.0101,-0.9635,0.2675 timestamp: 1512295167417
0.0031,0.0101,-0.9621,0.2725 timestamp: 1512295167437
0.0032,0.0101,-0.9607,0.2774 timestamp: 1512295167457
0.0032,0.0101,-0.9593,0.2822 timestamp: 1512295167497
0.0032,0.0101,-0.9579,0.2869 timestamp: 1512295167500
0.0032,0.0101,-0.9571,0.2896 timestamp: 1512295167518
0.0033,0.0101,-0.9563,0.2922 timestamp: 1512295167557
0.0034,0.0102,-0.9559,0.2935 timestamp: 1512295167561
0.0034,0.0101,-0.9552,0.2958 timestamp: 1512295167577
0.0034,0.0101,-0.9547,0.2974 timestamp: 1512295167596
0.0035,0.0102,-0.9540,0.2996 timestamp: 1512295167617
0.0035,0.0102,-0.9534,0.3015 timestamp: 1512295167638
0.0036,0.0102,-0.9528,0.3034 timestamp: 1512295167657
0.0036,0.0102,-0.9521,0.3056 timestamp: 1512295167698
0.0036,0.0102,-0.9515,0.3075 timestamp: 1512295167702
0.0036,0.0102,-0.9507,0.3099 timestamp: 1512295167737
0.0036,0.0101,-0.9501,0.3118 timestamp: 1512295167757
0.0037,0.0102,-0.9498,0.3127 timestamp: 1512295167761
0.0038,0.0102,-0.9495,0.3136 timestamp: 1512295167807
0.0039,0.0102,-0.9487,0.3160 timestamp: 1512295167811
0.0040,0.0103,-0.9479,0.3184 timestamp: 1512295167827
0.0040,0.0103,-0.9474,0.3199 timestamp: 1512295167847
0.0039,0.0102,-0.9470,0.3210 timestamp: 1512295167867
0.0039,0.0102,-0.9467,0.3219 timestamp: 1512295167888
0.0040,0.0102,-0.9466,0.3222 timestamp: 1512295167907
0.0041,0.0102,-0.9460,0.3240 timestamp: 1512295167927
0.0041,0.0102,-0.9455,0.3254 timestamp: 1512295167947
0.0041,0.0102,-0.9446,0.3280 timestamp: 1512295167967
0.0041,0.0102,-0.9435,0.3312 timestamp: 1512295167987
0.0041,0.0102,-0.9423,0.3346 timestamp: 1512295168008
0.0042,0.0103,-0.9411,0.3379 timestamp: 1512295168054
0.0040,0.0099,-0.9402,0.3405 timestamp: 1512295168067
0.0041,0.0100,-0.9402,0.3405 timestamp: 1512295168087
0.0041,0.0100,-0.9402,0.3405 timestamp: 1512295168093
0.0041,0.0100,-0.9401,0.3407 timestamp: 1512295168107
0.0041,0.0100,-0.9400,0.3410 timestamp: 1512295168147
0.0042,0.0100,-0.9399,0.3413 timestamp: 1512295168149
0.0042,0.0100,-0.9400,0.3410 timestamp: 1512295168187
0.0042,0.0100,-0.9401,0.3407 timestamp: 1512295168209
0.0042,0.0100,-0.9401,0.3407 timestamp: 1512295168230
0.0042,0.0101,-0.9402,0.3404 timestamp: 1512295168232
0.0043,0.0101,-0.9403,0.3402 timestamp: 1512295168268
0.0043,0.0101,-0.9402,0.3404 timestamp: 1512295168287
0.0043,0.0101,-0.9401,0.3407 timestamp: 1512295168307
