0.0096,0.0128,-0.9181,0.3960 timestamp: 1512295219028
0.0096,0.0128,-0.9163,0.4002 timestamp: 1512295219048
0.0097,0.0128,-0.9142,0.4049 timestamp: 1512295219087
0.0097,0.0128,-0.9117,0.4105 timestamp: 1512295219090
0.0098,0.0127,-0.9087,0.4171 timestamp: 1512295219107
0.0100,0.0127,-0.9050,0.4251 timestamp: 1512295219128
0.0101,0.0127,-0.9005,0.4346 timestamp: 1512295219168
0.0103,0.0127,-0.8953,0.4452 timestamp: 1512295219171
0.0104,0.0127,-0.8898,0.4561 timestamp: 1512295219187
0.0106,0.0127,-0.8842,0.4668 timestamp: 1512295219208
0.0108,0.0126,-0.8747,0.4844 timestamp: 1512295219248
0.0109,0.0125,-0.8673,0.4975 timestamp: 1512295219261
0.0111,0.0124,-0.8595,0.5109 timestamp: 1512295219270
0.0111,0.0123,-0.8510,0.5249 timestamp: 1512295219288
0.0114,0.0123,-0.8426,0.5383 timestamp: 1512295219307
0.0115,0.0122,-0.8340,0.5515 timestamp: 1512295219327
0.0116,0.0120,-0.8251,0.5647 timestamp: 1512295219347
0.0117,0.0119,-0.8152,0.5789 timestamp: 1512295219367
0.0119,0.0117,-0.8047,0.5934 timestamp: 1512295219388
0.0120,0.0116,-0.7933,0.6086 timestamp: 1512295219428
0.0123,0.0115,-0.7798,0.6258 timestamp: 1512295219432
0.0125,0.0113,-0.7686,0.6395 timestamp: 1512295219469
0.0126,0.0111,-0.7543,0.6563 timestamp: 1512295219476
0.0129,0.0109,-0.7334,0.6796 timestamp: 1512295219488
0.0130,0.0106,-0.7138,0.7001 timestamp: 1512295219511
0.0132,0.0104,-0.6979,0.7160 timestamp: 1512295219548
0.0133,0.0101,-0.6820,0.7312 timestamp: 1512295219552
0.0134,0.0098,-0.6612,0.7500 timestamp: 1512295219588
0.0135,0.0095,-0.6399,0.7683 timestamp: 1512295219593
0.0137,0.0094,-0.6213,0.7834 timestamp: 1512295219608
0.0138,0.0091,-0.6016,0.7986 timestamp: 1512295219648
0.0139,0.0088,-0.5816,0.8133 timestamp: 1512295219668
0.0142,0.0085,-0.5562,0.8309 timestamp: 1512295219708
0.0143,0.0083,-0.5380,0.8428 timestamp: 1512295219713
0.0145,0.0080,-0.5116,0.8591 timestamp: 1512295219740
0.0145,0.0076,-0.4905,0.8713 timestamp: 1512295219766
0.0146,0.0072,-0.4575,0.8891 timestamp: 1512295219768
0.0147,0.0065,-0.4324,0.9015 timestamp: 1512295219787
0.0148,0.0062,-0.4118,0.9111 timestamp: 1512295219826
0.0148,0.0060,-0.3910,0.9203 timestamp: 1512295219828
0.0149,0.0056,-0.3699,0.9289 timestamp: 1512295219846
0.0150,0.0051,-0.3367,0.9415 timestamp: 1512295219867
0.0151,0.0045,-0.2990,0.9541 timestamp: 1512295219887
0.0151,0.0042,-0.2777,0.9605 timestamp: 1512295219907
0.0151,0.0039,-0.2570,0.9663 timestamp: 1512295219927
0.0151,0.0035,-0.2225,0.9748 timestamp: 1512295219947
0.0152,0.0029,-0.1867,0.9823 timestamp: 1512295219968
0.0152,0.0024,-0.1506,0.9885 timestamp: 1512295219987
0.0151,0.0020,-0.1308,0.9913 timestamp: 1512295220007
0.0149,0.0015,-0.0961,0.9953 timestamp: 1512295220027
0.0150,0.0010,-0.0689,0.9975 timestamp: 1512295220047
0.0151,0.0006,-0.0453,0.9989 timestamp: 1512295220068
0.0150,0.0003,-0.0267,0.9995 timestamp: 1512295220087
0.0149,0.0000,-0.0094,0.9998 timestamp: 1512295220107
0.0149,-0.0002,0.0105,0.9998 timestamp: 1512295220127
0.0147,-0.0005,0.0293,0.9995 timestamp: 1512295220147
0.0146,-0.0008,0.0474,0.9988 timestamp: 1512295220189
0.0146,-0.0012,0.0700,0.9974 timestamp: 1512295220193
0.0145,-0.0015,0.0922,0.9956 timestamp: 1512295220228
0.0145,-0.0019,0.1126,0.9935 timestamp: 1512295220231
0.0144,-0.0021,0.1292,0.9915 timestamp: 1512295220269
0.0142,-0.0023,0.1483,0.9888 timestamp: 1512295220273
0.0141,-0.0027,0.1767,0.9842 timestamp: 1512295220288
0.0140,-0.0030,0.1974,0.9802 timestamp: 1512295220308
0.0140,-0.0033,0.2167,0.9761 timestamp: 1512295220347
0.0139,-0.0036,0.2348,0.9719 timestamp: 1512295220350
0.0138,-0.0038,0.2505,0.9680 timestamp: 1512295220368
0.0137,-0.0040,0.2659,0.9639 timestamp: 1512295220387
0.0135,-0.0042,0.2810,0.9596 timestamp: 1512295220408
0.0134,-0.0045,0.2956,0.9552 timestamp: 1512295220429
0.0132,-0.0047,0.3115,0.9501 timestamp: 1512295220466
0.0130,-0.0049,0.3276,0.9447 timestamp: 1512295220487
0.0128,-0.0051,0.3423,0.9395 timestamp: 1512295220507
0.0128,-0.0052,0.3544,0.9350 timestamp: 1512295220547
0.0127,-0.0054,0.3671,0.9301 timestamp: 1512295220550
0.0126,-0.0055,0.3857,0.9225 timestamp: 1512295220567
0.0124,-0.0057,0.3988,0.9169 timestamp: 1512295220588
0.0123,-0.0059,0.4102,0.9119 timestamp: 1512295220627
0.0121,-0.0060,0.4189,0.9079 timestamp: 1512295220631
0.0119,-0.0061,0.4293,0.9031 timestamp: 1512295220647
0.0118,-0.0062,0.4404,0.8977 timestamp: 1512295220667
0.0117,-0.0064,0.4505,0.8927 timestamp: 1512295220707
0.0115,-0.0065,0.4602,0.8877 timestamp: 1512295220710
0.0114,-0.0067,0.4690,0.8831 timestamp: 1512295220726
0.0113,-0.0067,0.4778,0.8784 timestamp: 1512295220747
0.0113,-0.0068,0.4850,0.8744 timestamp: 1512295220766
0.0112,-0.0068,0.4915,0.8708 timestamp: 1512295220787
0.0111,-0.0069,0.4975,0.8674 timestamp: 1512295220827
0.0109,-0.0069,0.5045,0.8633 timestamp: 1512295220829
0.0109,-0.0069,0.5074,0.8616 timestamp: 1512295220846
0.0109,-0.0069,0.5111,0.8594 timestamp: 1512295220866
0.0109,-0.0069,0.5149,0.8572 timestamp: 1512295220887
0.0108,-0.0069,0.5172,0.8558 timestamp: 1512295220907
0.0108,-0.0068,0.5189,0.8547 timestamp: 1512295220952
0.0108,-0.0068,0.5207,0.8536 timestamp: 1512295220965
0.0107,-0.0068,0.5224,0.8526 timestamp: 1512295220989
0.0107,-0.0067,0.5235,0.8519 timestamp: 1512295220993
0.0107,-0.0067,0.5247,0.8512 timestamp: 1512295221027
0.0106,-0.0066,0.5265,0.8501 timestamp: 1512295221030
0.0106,-0.0066,0.5275,0.8495 timestamp: 1512295221067
0.0106,-0.0065,0.5276,0.8494 timestamp: 1512295221069
0.0106,-0.0063,0.5277,0.8493 timestamp: 1512295221086
0.0106,-0.0062,0.5275,0.8495 timestamp: 1512295221107
0.0105,-0.0062,0.5275,0.8495 timestamp: 1512295221127
0.0105,-0.0062,0.5279,0.8492 timestamp: 1512295221147
0.0105,-0.0061,0.5277,0.8493 timestamp: 1512295221168
0.0105,-0.0061,0.5273,0.8496 timestamp: 1512295221187
0.0105,-0.0060,0.5272,0.8497 timestamp: 1512295221207
0.0105,-0.0060,0.5270,0.8498 timestamp: 1512295221248
0.0105,-0.0059,0.5264,0.8502 timestamp: 1512295221253
0.0105,-0.0058,0.5262,0.8503 timestamp: 1512295221287
0.0104,-0.0058,0.5267,0.8500 timestamp: 1512295221316
0.0104,-0.0057,0.5271,0.8497 timestamp: 1512295221332
0.0104,-0.0057,0.5273,0.8496 timestamp: 1512295221348
0.0104,-0.0056,0.5271,0.8497 timestamp: 1512295221387
0.0104,-0.0056,0.5264,0.8502 timestamp: 1512295221389
0.0104,-0.0055,0.5258,0.8505 timestamp: 1512295221408
0.0104,-0.0055,0.5254,0.8508 timestamp: 1512295221427
0.0104,-0.0054,0.5255,0.8507 timestamp: 1512295221447
0.0103,-0.0054,0.5258,0.8505 timestamp: 1512295221467
0.0103,-0.0053,0.5254,0.8508 timestamp: 1512295221507
0.0103,-0.0053,0.5253,0.8508 timestamp: 1512295221511
0.0103,-0.0052,0.5257,0.8506 timestamp: 1512295221527
0.0103,-0.0052,0.5260,0.8504 timestamp: 1512295221547
0.0103,-0.0051,0.5262,0.8503 timestamp: 1512295221567
0.0103,-0.0051,0.5266,0.8500 timestamp: 1512295221587
0.0103,-0.0050,0.5267,0.8500 timestamp: 1512295221632
0.0102,-0.0050,0.5263,0.8502 timestamp: 1512295221638
0.0102,-0.0049,0.5264,0.8502 timestamp: 1512295221668
0.0102,-0.0049,0.5265,0.8501 timestamp: 1512295221672
0.0102,-0.0048,0.5259,0.8505 timestamp: 1512295221707
0.0102,-0.0048,0.5262,0.8503 timestamp: 1512295221711
0.0102,-0.0047,0.5262,0.8503 timestamp: 1512295221728
0.0102,-0.0046,0.5257,0.8506 timestamp: 1512295221747
0.0102,-0.0046,0.5253,0.8508 timestamp: 1512295221787
0.0102,-0.0046,0.5253,0.8508 timestamp: 1512295221790
0.0102,-0.0045,0.5254,0.8508 timestamp: 1512295221807
0.0102,-0.0045,0.5254,0.8508 timestamp: 1512295221838
0.0101,-0.0044,0.5255,0.8507 timestamp: 1512295221878
0.0101,-0.0044,0.5258,0.8505 timestamp: 1512295221880
0.0101,-0.0043,0.5260,0.8504 timestamp: 1512295221897
0.0101,-0.0043,0.5262,0.8503 timestamp: 1512295221917
0.0101,-0.0042,0.5263,0.8502 timestamp: 1512295221938
0.0101,-0.0042,0.5261,0.8504 timestamp: 1512295221978
0.0101,-0.0042,0.5259,0.8505 timestamp: 1512295221982
0.0101,-0.0041,0.5256,0.8507 timestamp: 1512295221998
0.0101,-0.0041,0.5255,0.8507 timestamp: 1512295222037
0.0100,-0.0040,0.5253,0.8508 timestamp: 1512295222041
0.0100,-0.0040,0.5252,0.8509 timestamp: 1512295222057
0.0100,-0.0039,0.5252,0.8509 timestamp: 1512295222077
0.0100,-0.0039,0.5251,0.8510 timestamp: 1512295222097
0.0100,-0.0038,0.5247,0.8512 timestamp: 1512295222117
0.0100,-0.0038,0.5250,0.8510 timestamp: 1512295222137
0.0099,-0.0038,0.5264,0.8502 timestamp: 1512295222157
0.0099,-0.0037,0.5283,0.8490 timestamp: 1512295222177
0.0099,-0.0037,0.5305,0.8476 timestamp: 1512295222218
0.0099,-0.0038,0.5332,0.8459 timestamp: 1512295222220
0.0099,-0.0038,0.5359,0.8442 timestamp: 1512295222237
0.0098,-0.0038,0.5405,0.8413 timestamp: 1512295222257
0.0097,-0.0038,0.5444,0.8388 timestamp: 1512295222277
0.0097,-0.0039,0.5490,0.8358 timestamp: 1512295222297
0.0096,-0.0039,0.5540,0.8325 timestamp: 1512295222316
0.0095,-0.0040,0.5594,0.8288 timestamp: 1512295222338
0.0094,-0.0040,0.5655,0.8247 timestamp: 1512295222358
0.0093,-0.0041,0.5731,0.8194 timestamp: 1512295222377
0.0092,-0.0042,0.5813,0.8136 timestamp: 1512295222398
0.0091,-0.0043,0.5907,0.8068 timestamp: 1512295222437
0.0090,-0.0045,0.6003,0.7997 timestamp: 1512295222441
0.0089,-0.0046,0.6094,0.7928 timestamp: 1512295222458
0.0087,-0.0047,0.6192,0.7852 timestamp: 1512295222477
0.0086,-0.0049,0.6293,0.7771 timestamp: 1512295222497
0.0085,-0.0051,0.6407,0.7677 timestamp: 1512295222517
0.0083,-0.0053,0.6570,0.7538 timestamp: 1512295222548
0.0082,-0.0055,0.6697,0.7426 timestamp: 1512295222558
0.0080,-0.0057,0.6792,0.7339 timestamp: 1512295222577
0.0078,-0.0058,0.6911,0.7227 timestamp: 1512295222598
0.0077,-0.0060,0.7035,0.7106 timestamp: 1512295222636
0.0075,-0.0062,0.7165,0.6975 timestamp: 1512295222658
0.0074,-0.0065,0.7295,0.6839 timestamp: 1512295222697
0.0073,-0.0067,0.7416,0.6708 timestamp: 1512295222700
0.0070,-0.0068,0.7540,0.6568 timestamp: 1512295222717
0.0068,-0.0071,0.7674,0.6411 timestamp: 1512295222737
0.0066,-0.0073,0.7810,0.6245 timestamp: 1512295222757
0.0065,-0.0074,0.7874,0.6164 timestamp: 1512295222798
0.0063,-0.0076,0.7971,0.6038 timestamp: 1512295222802
0.0062,-0.0078,0.8096,0.5869 timestamp: 1512295222817
0.0059,-0.0080,0.8218,0.5697 timestamp: 1512295222837
0.0057,-0.0078,0.8258,0.5639 timestamp: 1512295222857
0.0057,-0.0079,0.8336,0.5523 timestamp: 1512295222877
0.0055,-0.0080,0.8404,0.5419 timestamp: 1512295222897
0.0054,-0.0080,0.8471,0.5313 timestamp: 1512295222917
0.0051,-0.0081,0.8560,0.5169 timestamp: 1512295222937
0.0049,-0.0083,0.8656,0.5006 timestamp: 1512295222957
0.0048,-0.0083,0.8717,0.4899 timestamp: 1512295222976
0.0047,-0.0086,0.8802,0.4745 timestamp: 1512295222997
0.0043,-0.0086,0.8881,0.4595 timestamp: 1512295223017
0.0043,-0.0088,0.8957,0.4446 timestamp: 1512295223037
0.0040,-0.0089,0.9028,0.4300 timestamp: 1512295223057
0.0040,-0.0090,0.9060,0.4232 timestamp: 1512295223097
0.0037,-0.0092,0.9138,0.4060 timestamp: 1512295223101
0.0035,-0.0093,0.9217,0.3878 timestamp: 1512295223117
0.0032,-0.0096,0.9326,0.3608 timestamp: 1512295223138
0.0030,-0.0096,0.9357,0.3527 timestamp: 1512295223177
0.0027,-0.0097,0.9422,0.3349 timestamp: 1512295223180
0.0025,-0.0099,0.9484,0.3169 timestamp: 1512295223198
0.0023,-0.0100,0.9544,0.2984 timestamp: 1512295223238
0.0022,-0.0101,0.9592,0.2825 timestamp: 1512295223240
0.0021,-0.0102,0.9632,0.2686 timestamp: 1512295223257
0.0019,-0.0103,0.9645,0.2639 timestamp: 1512295223277
0.0018,-0.0104,0.9672,0.2538 timestamp: 1512295223297
0.0016,-0.0105,0.9702,0.2421 timestamp: 1512295223317
0.0015,-0.0106,0.9745,0.2241 timestamp: 1512295223337
0.0014,-0.0106,0.9757,0.2188 timestamp: 1512295223357
0.0013,-0.0106,0.9773,0.2116 timestamp: 1512295223377
0.0011,-0.0107,0.9798,0.1997 timestamp: 1512295223397
0.0009,-0.0108,0.9841,0.1773 timestamp: 1512295223417
0.0007,-0.0109,0.9874,0.1579 timestamp: 1512295223437
0.0004,-0.0110,0.9903,0.1385 timestamp: 1512295223457
0.0002,-0.0110,0.9921,0.1250 timestamp: 1512295223477
0.0000,-0.0111,0.9935,0.1133 timestamp: 1512295223518
-0.0003,-0.0111,0.9951,0.0982 timestamp: 1512295223537
-0.0005,-0.0112,0.9968,0.0791 timestamp: 1512295223557
-0.0007,-0.0113,0.9981,0.0606 timestamp: 1512295223598
-0.0009,-0.0113,0.9990,0.0433 timestamp: 1512295223601
-0.0011,-0.0113,0.9995,0.0295 timestamp: 1512295223619
-0.0013,-0.0114,0.9998,0.0164 timestamp: 1512295223658
0.0015,0.0115,-0.9999,0.0081 timestamp: 1512295223662
0.0016,0.0115,-0.9997,0.0216 timestamp: 1512295223677
0.0017,0.0116,-0.9994,0.0326 timestamp: 1512295223698
0.0019,0.0116,-0.9985,0.0535 timestamp: 1512295223718
0.0020,0.0117,-0.9977,0.0667 timestamp: 1512295223737
0.0021,0.0118,-0.9976,0.0682 timestamp: 1512295223757
0.0022,0.0118,-0.9970,0.0765 timestamp: 1512295223799
0.0023,0.0118,-0.9960,0.0885 timestamp: 1512295223810
0.0025,0.0118,-0.9949,0.1001 timestamp: 1512295223826
0.0027,0.0119,-0.9937,0.1114 timestamp: 1512295223840
0.0028,0.0118,-0.9921,0.1249 timestamp: 1512295223877
0.0029,0.0118,-0.9907,0.1355 timestamp: 1512295223880
0.0031,0.0119,-0.9893,0.1454 timestamp: 1512295223897
0.0032,0.0118,-0.9876,0.1565 timestamp: 1512295223917
0.0033,0.0118,-0.9855,0.1692 timestamp: 1512295223938
0.0034,0.0118,-0.9835,0.1805 timestamp: 1512295223957
0.0035,0.0118,-0.9822,0.1874 timestamp: 1512295223977
0.0037,0.0119,-0.9806,0.1956 timestamp: 1512295223997
0.0038,0.0118,-0.9775,0.2106 timestamp: 1512295224017
0.0039,0.0118,-0.9749,0.2223 timestamp: 1512295224037
0.0040,0.0118,-0.9727,0.2317 timestamp: 1512295224078
0.0040,0.0117,-0.9706,0.2404 timestamp: 1512295224082
0.0041,0.0117,-0.9687,0.2479 timestamp: 1512295224097
0.0042,0.0117,-0.9670,0.2545 timestamp: 1512295224137
0.0042,0.0117,-0.9655,0.2601 timestamp: 1512295224141
0.0043,0.0117,-0.9637,0.2667 timestamp: 1512295224157
0.0043,0.0117,-0.9619,0.2731 timestamp: 1512295224207
0.0044,0.0117,-0.9601,0.2794 timestamp: 1512295224217
0.0045,0.0118,-0.9580,0.2865 timestamp: 1512295224246
0.0046,0.0118,-0.9562,0.2924 timestamp: 1512295224252
0.0047,0.0118,-0.9547,0.2973 timestamp: 1512295224267
0.0047,0.0118,-0.9530,0.3027 timestamp: 1512295224286
0.0049,0.0118,-0.9510,0.3089 timestamp: 1512295224307
0.0049,0.0118,-0.9501,0.3117 timestamp: 1512295224328
0.0049,0.0117,-0.9495,0.3135 timestamp: 1512295224367
0.0050,0.0117,-0.9485,0.3165 timestamp: 1512295224370
0.0050,0.0117,-0.9474,0.3198 timestamp: 1512295224387
0.0051,0.0117,-0.9468,0.3216 timestamp: 1512295224407
0.0051,0.0117,-0.9462,0.3233 timestamp: 1512295224427
0.0052,0.0117,-0.9457,0.3248 timestamp: 1512295224447
0.0052,0.0117,-0.9454,0.3257 timestamp: 1512295224467
0.0052,0.0117,-0.9454,0.3257 timestamp: 1512295224488
0.0052,0.0117,-0.9455,0.3254 timestamp: 1512295224507
0.0052,0.0117,-0.9453,0.3260 timestamp: 1512295224527
0.0052,0.0117,-0.9451,0.3265 timestamp: 1512295224567
0.0053,0.0116,-0.9444,0.3286 timestamp: 1512295224570
0.0053,0.0116,-0.9437,0.3306 timestamp: 1512295224587
0.0054,0.0116,-0.9431,0.3323 timestamp: 1512295224607
0.0054,0.0116,-0.9424,0.3342 timestamp: 1512295224627
0.0054,0.0116,-0.9417,0.3362 timestamp: 1512295224647
