0.0100,0.0129,-0.9243,0.3813 timestamp: 1512295317693
0.0100,0.0129,-0.9243,0.3813 timestamp: 1512295317698
0.0100,0.0129,-0.9243,0.3813 timestamp: 1512295317707
0.0100,0.0129,-0.9243,0.3813 timestamp: 1512295317727
0.0100,0.0129,-0.9243,0.3813 timestamp: 1512295317747
0.0100,0.0129,-0.9243,0.3813 timestamp: 1512295317787
0.0100,0.0129,-0.9242,0.3816 timestamp: 1512295317807
0.0100,0.0129,-0.9242,0.3816 timestamp: 1512295317827
0.0100,0.0129,-0.9242,0.3816 timestamp: 1512295317848
0.0100,0.0129,-0.9243,0.3813 timestamp: 1512295317868
0.0100,0.0129,-0.9242,0.3816 timestamp: 1512295317887
0.0100,0.0129,-0.9242,0.3816 timestamp: 1512295317908
0.0100,0.0129,-0.9242,0.3816 timestamp: 1512295317927
0.0100,0.0129,-0.9242,0.3816 timestamp: 1512295317947
0.0100,0.0129,-0.9242,0.3816 timestamp: 1512295317967
0.0100,0.0130,-0.9241,0.3818 timestamp: 1512295317988
0.0100,0.0130,-0.9241,0.3818 timestamp: 1512295318007
0.0100,0.0129,-0.9241,0.3818 timestamp: 1512295318028
0.0100,0.0129,-0.9241,0.3818 timestamp: 1512295318047
0.0100,0.0129,-0.9241,0.3818 timestamp: 1512295318068
0.0100,0.0129,-0.9241,0.3818 timestamp: 1512295318108
0.0100,0.0129,-0.9241,0.3818 timestamp: 1512295318111
0.0100,0.0129,-0.9241,0.3818 timestamp: 1512295318128
0.0100,0.0129,-0.9241,0.3818 timestamp: 1512295318168
0.0100,0.0129,-0.9241,0.3818 timestamp: 1512295318170
0.0100,0.0130,-0.9239,0.3823 timestamp: 1512295318207
0.0101,0.0130,-0.9228,0.3849 timestamp: 1512295318209
0.0101,0.0129,-0.9215,0.3880 timestamp: 1512295318228
0.0102,0.0130,-0.9200,0.3916 timestamp: 1512295318267
0.0102,0.0129,-0.9183,0.3955 timestamp: 1512295318271
0.0103,0.0129,-0.9161,0.4006 timestamp: 1512295318287
0.0104,0.0129,-0.9133,0.4070 timestamp: 1512295318307
0.0105,0.0128,-0.9103,0.4136 timestamp: 1512295318327
0.0105,0.0127,-0.9064,0.4221 timestamp: 1512295318347
0.0106,0.0127,-0.9020,0.4314 timestamp: 1512295318367
0.0108,0.0127,-0.8972,0.4413 timestamp: 1512295318387
0.0109,0.0126,-0.8917,0.4523 timestamp: 1512295318409
0.0111,0.0125,-0.8862,0.4630 timestamp: 1512295318448
0.0113,0.0125,-0.8776,0.4791 timestamp: 1512295318452
0.0114,0.0123,-0.8707,0.4915 timestamp: 1512295318487
0.0114,0.0122,-0.8626,0.5056 timestamp: 1512295318493
0.0116,0.0121,-0.8537,0.5205 timestamp: 1512295318507
0.0118,0.0120,-0.8442,0.5358 timestamp: 1512295318527
0.0119,0.0118,-0.8330,0.5530 timestamp: 1512295318547
0.0121,0.0117,-0.8233,0.5674 timestamp: 1512295318567
0.0123,0.0116,-0.8131,0.5819 timestamp: 1512295318588
0.0125,0.0114,-0.8004,0.5992 timestamp: 1512295318607
0.0126,0.0112,-0.7886,0.6147 timestamp: 1512295318628
0.0126,0.0110,-0.7768,0.6295 timestamp: 1512295318647
0.0128,0.0107,-0.7623,0.6470 timestamp: 1512295318668
0.0131,0.0107,-0.7489,0.6625 timestamp: 1512295318708
0.0132,0.0104,-0.7372,0.6755 timestamp: 1512295318728
0.0134,0.0100,-0.7156,0.6983 timestamp: 1512295318748
0.0136,0.0098,-0.6990,0.7149 timestamp: 1512295318769
0.0137,0.0096,-0.6844,0.7289 timestamp: 1512295318788
0.0138,0.0092,-0.6699,0.7423 timestamp: 1512295318843
0.0139,0.0089,-0.6536,0.7567 timestamp: 1512295318850
0.0140,0.0087,-0.6407,0.7676 timestamp: 1512295318853
0.0140,0.0085,-0.6273,0.7786 timestamp: 1512295318888
0.0142,0.0081,-0.6025,0.7980 timestamp: 1512295318895
0.0143,0.0079,-0.5878,0.8088 timestamp: 1512295318909
0.0144,0.0076,-0.5692,0.8220 timestamp: 1512295318928
0.0145,0.0071,-0.5459,0.8377 timestamp: 1512295318947
0.0145,0.0069,-0.5289,0.8485 timestamp: 1512295318968
0.0147,0.0067,-0.5104,0.8598 timestamp: 1512295319009
0.0147,0.0064,-0.4806,0.8768 timestamp: 1512295319012
0.0148,0.0061,-0.4603,0.8876 timestamp: 1512295319048
0.0148,0.0058,-0.4406,0.8976 timestamp: 1512295319052
0.0148,0.0053,-0.4103,0.9118 timestamp: 1512295319068
0.0148,0.0050,-0.3834,0.9235 timestamp: 1512295319087
0.0148,0.0047,-0.3616,0.9322 timestamp: 1512295319128
0.0148,0.0044,-0.3392,0.9406 timestamp: 1512295319132
0.0147,0.0038,-0.2998,0.9539 timestamp: 1512295319168
0.0148,0.0033,-0.2596,0.9656 timestamp: 1512295319173
0.0148,0.0027,-0.2250,0.9742 timestamp: 1512295319209
0.0148,0.0023,-0.2015,0.9794 timestamp: 1512295319214
0.0148,0.0022,-0.1746,0.9845 timestamp: 1512295319228
0.0148,0.0018,-0.1440,0.9895 timestamp: 1512295319247
0.0147,0.0012,-0.1162,0.9931 timestamp: 1512295319268
0.0147,0.0005,-0.0821,0.9965 timestamp: 1512295319309
0.0146,0.0002,-0.0581,0.9982 timestamp: 1512295319315
0.0144,0.0000,-0.0354,0.9993 timestamp: 1512295319334
0.0143,-0.0003,-0.0132,0.9998 timestamp: 1512295319352
0.0142,-0.0007,0.0087,0.9999 timestamp: 1512295319368
0.0140,-0.0009,0.0305,0.9994 timestamp: 1512295319387
0.0138,-0.0012,0.0542,0.9984 timestamp: 1512295319407
0.0137,-0.0016,0.0752,0.9971 timestamp: 1512295319428
0.0135,-0.0018,0.0959,0.9953 timestamp: 1512295319468
0.0134,-0.0023,0.1246,0.9921 timestamp: 1512295319470
0.0132,-0.0026,0.1509,0.9885 timestamp: 1512295319487
0.0130,-0.0030,0.1741,0.9846 timestamp: 1512295319528
0.0128,-0.0033,0.1970,0.9803 timestamp: 1512295319548
0.0126,-0.0035,0.2189,0.9757 timestamp: 1512295319569
0.0124,-0.0040,0.2439,0.9697 timestamp: 1512295319588
0.0122,-0.0042,0.2625,0.9648 timestamp: 1512295319627
0.0120,-0.0044,0.2818,0.9594 timestamp: 1512295319630
0.0118,-0.0045,0.2975,0.9546 timestamp: 1512295319647
0.0116,-0.0048,0.3167,0.9484 timestamp: 1512295319671
0.0114,-0.0052,0.3331,0.9428 timestamp: 1512295319708
0.0112,-0.0053,0.3466,0.9379 timestamp: 1512295319710
0.0111,-0.0055,0.3597,0.9330 timestamp: 1512295319728
0.0111,-0.0057,0.3729,0.9278 timestamp: 1512295319767
0.0108,-0.0058,0.3863,0.9223 timestamp: 1512295319772
0.0107,-0.0059,0.3979,0.9173 timestamp: 1512295319787
0.0106,-0.0060,0.4086,0.9126 timestamp: 1512295319807
0.0105,-0.0062,0.4182,0.9083 timestamp: 1512295319827
0.0104,-0.0063,0.4262,0.9045 timestamp: 1512295319847
0.0103,-0.0064,0.4394,0.8982 timestamp: 1512295319867
0.0102,-0.0065,0.4491,0.8934 timestamp: 1512295319888
0.0101,-0.0065,0.4559,0.8899 timestamp: 1512295319927
0.0100,-0.0065,0.4619,0.8869 timestamp: 1512295319935
0.0099,-0.0065,0.4664,0.8845 timestamp: 1512295319947
0.0098,-0.0065,0.4727,0.8811 timestamp: 1512295319967
0.0098,-0.0065,0.4785,0.8780 timestamp: 1512295319987
0.0098,-0.0065,0.4819,0.8761 timestamp: 1512295320027
0.0098,-0.0065,0.4844,0.8748 timestamp: 1512295320032
0.0098,-0.0065,0.4855,0.8742 timestamp: 1512295320048
0.0097,-0.0064,0.4867,0.8735 timestamp: 1512295320086
0.0097,-0.0064,0.4874,0.8731 timestamp: 1512295320089
0.0097,-0.0063,0.4887,0.8724 timestamp: 1512295320108
0.0096,-0.0062,0.4896,0.8719 timestamp: 1512295320126
0.0096,-0.0062,0.4897,0.8718 timestamp: 1512295320147
0.0096,-0.0061,0.4893,0.8720 timestamp: 1512295320168
0.0096,-0.0061,0.4896,0.8719 timestamp: 1512295320208
0.0096,-0.0060,0.4900,0.8716 timestamp: 1512295320211
0.0096,-0.0060,0.4896,0.8719 timestamp: 1512295320232
0.0096,-0.0059,0.4891,0.8722 timestamp: 1512295320267
0.0096,-0.0058,0.4883,0.8726 timestamp: 1512295320271
0.0096,-0.0058,0.4876,0.8730 timestamp: 1512295320307
0.0096,-0.0057,0.4878,0.8729 timestamp: 1512295320328
0.0096,-0.0057,0.4876,0.8730 timestamp: 1512295320368
0.0095,-0.0056,0.4870,0.8733 timestamp: 1512295320373
0.0095,-0.0056,0.4868,0.8734 timestamp: 1512295320387
0.0095,-0.0055,0.4871,0.8733 timestamp: 1512295320407
0.0095,-0.0055,0.4879,0.8728 timestamp: 1512295320448
0.0095,-0.0054,0.4886,0.8724 timestamp: 1512295320451
0.0095,-0.0054,0.4888,0.8723 timestamp: 1512295320487
0.0095,-0.0053,0.4886,0.8724 timestamp: 1512295320490
0.0095,-0.0053,0.4883,0.8726 timestamp: 1512295320507
0.0095,-0.0052,0.4883,0.8726 timestamp: 1512295320527
0.0095,-0.0052,0.4885,0.8725 timestamp: 1512295320547
0.0095,-0.0051,0.4885,0.8725 timestamp: 1512295320567
0.0094,-0.0051,0.4886,0.8724 timestamp: 1512295320587
0.0094,-0.0050,0.4887,0.8724 timestamp: 1512295320608
0.0094,-0.0049,0.4888,0.8723 timestamp: 1512295320647
0.0094,-0.0049,0.4883,0.8726 timestamp: 1512295320650
0.0094,-0.0048,0.4878,0.8729 timestamp: 1512295320667
0.0094,-0.0048,0.4879,0.8728 timestamp: 1512295320687
0.0094,-0.0047,0.4881,0.8727 timestamp: 1512295320707
0.0094,-0.0047,0.4883,0.8726 timestamp: 1512295320727
0.0094,-0.0045,0.4897,0.8718 timestamp: 1512295320747
0.0093,-0.0046,0.4950,0.8688 timestamp: 1512295320767
0.0092,-0.0047,0.5034,0.8640 timestamp: 1512295320787
0.0091,-0.0048,0.5133,0.8581 timestamp: 1512295320807
0.0090,-0.0050,0.5234,0.8520 timestamp: 1512295320827
0.0089,-0.0052,0.5325,0.8464 timestamp: 1512295320847
0.0088,-0.0052,0.5413,0.8408 timestamp: 1512295320867
0.0086,-0.0054,0.5560,0.8311 timestamp: 1512295320887
0.0084,-0.0056,0.5674,0.8234 timestamp: 1512295320908
0.0083,-0.0057,0.5796,0.8148 timestamp: 1512295320927
0.0082,-0.0058,0.5902,0.8072 timestamp: 1512295320947
0.0079,-0.0058,0.6011,0.7991 timestamp: 1512295320967
0.0078,-0.0060,0.6135,0.7896 timestamp: 1512295320987
0.0077,-0.0062,0.6263,0.7795 timestamp: 1512295321007
0.0074,-0.0062,0.6382,0.7698 timestamp: 1512295321048
0.0072,-0.0063,0.6493,0.7605 timestamp: 1512295321052
0.0069,-0.0063,0.6602,0.7510 timestamp: 1512295321087
0.0068,-0.0067,0.6731,0.7395 timestamp: 1512295321107
0.0065,-0.0068,0.6882,0.7255 timestamp: 1512295321147
0.0062,-0.0070,0.7037,0.7104 timestamp: 1512295321150
0.0059,-0.0074,0.7273,0.6863 timestamp: 1512295321169
0.0058,-0.0076,0.7426,0.6697 timestamp: 1512295321207
0.0056,-0.0079,0.7571,0.6532 timestamp: 1512295321211
0.0055,-0.0080,0.7655,0.6434 timestamp: 1512295321247
0.0052,-0.0080,0.7758,0.6309 timestamp: 1512295321251
0.0049,-0.0080,0.7870,0.6169 timestamp: 1512295321267
0.0046,-0.0082,0.8014,0.5981 timestamp: 1512295321287
0.0043,-0.0085,0.8169,0.5767 timestamp: 1512295321307
0.0039,-0.0087,0.8324,0.5541 timestamp: 1512295321327
0.0037,-0.0090,0.8474,0.5309 timestamp: 1512295321348
0.0034,-0.0092,0.8608,0.5088 timestamp: 1512295321367
0.0032,-0.0092,0.8679,0.4966 timestamp: 1512295321387
0.0029,-0.0094,0.8847,0.4661 timestamp: 1512295321408
0.0027,-0.0094,0.8894,0.4570 timestamp: 1512295321447
0.0023,-0.0094,0.8969,0.4421 timestamp: 1512295321449
0.0020,-0.0094,0.9043,0.4268 timestamp: 1512295321468
0.0018,-0.0096,0.9143,0.4049 timestamp: 1512295321487
0.0017,-0.0097,0.9188,0.3946 timestamp: 1512295321507
0.0015,-0.0099,0.9271,0.3747 timestamp: 1512295321547
0.0013,-0.0101,0.9344,0.3561 timestamp: 1512295321549
0.0010,-0.0101,0.9362,0.3513 timestamp: 1512295321566
0.0007,-0.0102,0.9429,0.3329 timestamp: 1512295321588
0.0006,-0.0103,0.9491,0.3148 timestamp: 1512295321607
0.0004,-0.0104,0.9537,0.3006 timestamp: 1512295321627
0.0001,-0.0105,0.9590,0.2832 timestamp: 1512295321647
0.0000,-0.0105,0.9643,0.2646 timestamp: 1512295321667
-0.0003,-0.0107,0.9728,0.2314 timestamp: 1512295321687
-0.0006,-0.0108,0.9781,0.2079 timestamp: 1512295321708
-0.0005,-0.0109,0.9778,0.2093 timestamp: 1512295321728
-0.0007,-0.0110,0.9816,0.1906 timestamp: 1512295321767
-0.0010,-0.0110,0.9850,0.1722 timestamp: 1512295321769
-0.0010,-0.0110,0.9870,0.1603 timestamp: 1512295321787
-0.0012,-0.0109,0.9893,0.1455 timestamp: 1512295321807
-0.0015,-0.0110,0.9919,0.1265 timestamp: 1512295321847
-0.0017,-0.0111,0.9942,0.1070 timestamp: 1512295321849
-0.0019,-0.0112,0.9952,0.0972 timestamp: 1512295321886
-0.0019,-0.0112,0.9958,0.0908 timestamp: 1512295321907
-0.0019,-0.0112,0.9968,0.0791 timestamp: 1512295321947
-0.0022,-0.0113,0.9980,0.0622 timestamp: 1512295321950
-0.0025,-0.0114,0.9992,0.0383 timestamp: 1512295321968
-0.0027,-0.0114,0.9996,0.0257 timestamp: 1512295321987
-0.0028,-0.0115,0.9999,0.0077 timestamp: 1512295322008
0.0030,0.0115,-0.9998,0.0161 timestamp: 1512295322028
0.0033,0.0116,-0.9995,0.0292 timestamp: 1512295322047
0.0035,0.0116,-0.9989,0.0453 timestamp: 1512295322067
0.0036,0.0116,-0.9983,0.0570 timestamp: 1512295322087
0.0038,0.0116,-0.9975,0.0696 timestamp: 1512295322108
0.0041,0.0116,-0.9962,0.0862 timestamp: 1512295322127
0.0041,0.0116,-0.9947,0.1021 timestamp: 1512295322147
0.0043,0.0116,-0.9927,0.1200 timestamp: 1512295322168
0.0045,0.0116,-0.9907,0.1355 timestamp: 1512295322208
0.0047,0.0116,-0.9878,0.1552 timestamp: 1512295322211
0.0048,0.0117,-0.9854,0.1698 timestamp: 1512295322227
0.0050,0.0116,-0.9819,0.1890 timestamp: 1512295322247
0.0051,0.0115,-0.9788,0.2044 timestamp: 1512295322268
0.0052,0.0115,-0.9756,0.2192 timestamp: 1512295322288
0.0053,0.0115,-0.9724,0.2330 timestamp: 1512295322327
0.0055,0.0115,-0.9698,0.2436 timestamp: 1512295322331
0.0055,0.0115,-0.9668,0.2552 timestamp: 1512295322347
0.0057,0.0115,-0.9635,0.2674 timestamp: 1512295322367
0.0057,0.0115,-0.9607,0.2773 timestamp: 1512295322388
0.0058,0.0115,-0.9573,0.2888 timestamp: 1512295322407
0.0059,0.0114,-0.9547,0.2973 timestamp: 1512295322447
0.0060,0.0114,-0.9514,0.3077 timestamp: 1512295322450
0.0063,0.0115,-0.9467,0.3218 timestamp: 1512295322467
0.0063,0.0114,-0.9442,0.3291 timestamp: 1512295322507
0.0064,0.0114,-0.9423,0.3345 timestamp: 1512295322510
0.0065,0.0114,-0.9395,0.3423 timestamp: 1512295322528
0.0066,0.0114,-0.9377,0.3472 timestamp: 1512295322567
0.0066,0.0114,-0.9354,0.3533 timestamp: 1512295322570
0.0067,0.0114,-0.9335,0.3583 timestamp: 1512295322607
0.0067,0.0114,-0.9322,0.3617 timestamp: 1512295322610
0.0067,0.0114,-0.9302,0.3668 timestamp: 1512295322647
0.0067,0.0114,-0.9289,0.3701 timestamp: 1512295322667
0.0067,0.0113,-0.9283,0.3716 timestamp: 1512295322687
0.0067,0.0113,-0.9278,0.3728 timestamp: 1512295322709
0.0067,0.0113,-0.9270,0.3748 timestamp: 1512295322747
0.0068,0.0113,-0.9270,0.3748 timestamp: 1512295322751
0.0068,0.0113,-0.9266,0.3758 timestamp: 1512295322768
0.0068,0.0113,-0.9263,0.3766 timestamp: 1512295322807
0.0068,0.0113,-0.9261,0.3770 timestamp: 1512295322811
0.0068,0.0113,-0.9254,0.3788 timestamp: 1512295322828
0.0069,0.0113,-0.9254,0.3788 timestamp: 1512295322847
0.0069,0.0113,-0.9254,0.3788 timestamp: 1512295322867
0.0069,0.0113,-0.9252,0.3792 timestamp: 1512295322888
0.0069,0.0113,-0.9252,0.3792 timestamp: 1512295322927
0.0069,0.0113,-0.9259,0.3775 timestamp: 1512295322930
0.0069,0.0114,-0.9263,0.3766 timestamp: 1512295322948
0.0069,0.0114,-0.9267,0.3756 timestamp: 1512295322987
0.0069,0.0114,-0.9267,0.3756 timestamp: 1512295322990
0.0069,0.0114,-0.9263,0.3766 timestamp: 1512295323008
0.0070,0.0114,-0.9261,0.3770 timestamp: 1512295323027
0.0070,0.0114,-0.9262,0.3768 timestamp: 1512295323047
0.0070,0.0114,-0.9259,0.3775 timestamp: 1512295323067
0.0070,0.0114,-0.9258,0.3778 timestamp: 1512295323087
0.0070,0.0114,-0.9258,0.3778 timestamp: 1512295323107
0.0070,0.0114,-0.9257,0.3780 timestamp: 1512295323149
0.0070,0.0114,-0.9257,0.3780 timestamp: 1512295323160
0.0070,0.0114,-0.9261,0.3770 timestamp: 1512295323177
0.0070,0.0114,-0.9262,0.3768 timestamp: 1512295323207
0.0070,0.0114,-0.9264,0.3763 timestamp: 1512295323209
0.0071,0.0114,-0.9267,0.3756 timestamp: 1512295323227
0.0071,0.0114,-0.9268,0.3753 timestamp: 1512295323247
0.0071,0.0114,-0.9266,0.3758 timestamp: 1512295323267
0.0071,0.0114,-0.9266,0.3758 timestamp: 1512295323311
0.0071,0.0115,-0.9267,0.3756 timestamp: 1512295323319
