0.0097,0.0128,-0.9245,0.3808 timestamp: 1512295297907
0.0097,0.0128,-0.9245,0.3808 timestamp: 1512295297948
0.0097,0.0128,-0.9246,0.3806 timestamp: 1512295297950
0.0098,0.0129,-0.9244,0.3811 timestamp: 1512295297968
0.0099,0.0129,-0.9232,0.3840 timestamp: 1512295297988
0.0100,0.0129,-0.9218,0.3873 timestamp: 1512295298007
0.0100,0.0128,-0.9199,0.3918 timestamp: 1512295298027
0.0100,0.0128,-0.9174,0.3976 timestamp: 1512295298048
0.0101,0.0128,-0.9142,0.4049 timestamp: 1512295298087
0.0103,0.0127,-0.9108,0.4125 timestamp: 1512295298090
0.0104,0.0127,-0.9070,0.4208 timestamp: 1512295298107
0.0105,0.0126,-0.9027,0.4300 timestamp: 1512295298127
0.0106,0.0126,-0.8976,0.4405 timestamp: 1512295298148
0.0107,0.0125,-0.8915,0.4527 timestamp: 1512295298168
0.0110,0.0124,-0.8810,0.4728 timestamp: 1512295298188
0.0112,0.0123,-0.8730,0.4874 timestamp: 1512295298207
0.0114,0.0122,-0.8646,0.5022 timestamp: 1512295298228
0.0116,0.0122,-0.8556,0.5174 timestamp: 1512295298248
0.0117,0.0120,-0.8464,0.5323 timestamp: 1512295298267
0.0120,0.0119,-0.8347,0.5504 timestamp: 1512295298288
0.0121,0.0118,-0.8246,0.5655 timestamp: 1512295298327
0.0123,0.0116,-0.8148,0.5795 timestamp: 1512295298331
0.0126,0.0114,-0.8045,0.5937 timestamp: 1512295298349
0.0127,0.0111,-0.7933,0.6086 timestamp: 1512295298388
0.0129,0.0109,-0.7826,0.6223 timestamp: 1512295298428
0.0130,0.0108,-0.7718,0.6356 timestamp: 1512295298432
0.0133,0.0108,-0.7617,0.6477 timestamp: 1512295298447
0.0134,0.0106,-0.7466,0.6651 timestamp: 1512295298467
0.0136,0.0104,-0.7318,0.6813 timestamp: 1512295298488
0.0138,0.0101,-0.7161,0.6978 timestamp: 1512295298507
0.0139,0.0099,-0.7031,0.7109 timestamp: 1512295298527
0.0141,0.0097,-0.6909,0.7227 timestamp: 1512295298547
0.0142,0.0095,-0.6782,0.7347 timestamp: 1512295298567
0.0143,0.0094,-0.6649,0.7467 timestamp: 1512295298587
0.0143,0.0091,-0.6508,0.7591 timestamp: 1512295298608
0.0144,0.0088,-0.6304,0.7761 timestamp: 1512295298627
0.0145,0.0087,-0.6148,0.7885 timestamp: 1512295298669
0.0145,0.0083,-0.5979,0.8014 timestamp: 1512295298672
0.0146,0.0082,-0.5809,0.8138 timestamp: 1512295298708
0.0148,0.0079,-0.5544,0.8321 timestamp: 1512295298714
0.0149,0.0075,-0.5261,0.8503 timestamp: 1512295298748
0.0149,0.0071,-0.4998,0.8660 timestamp: 1512295298753
0.0149,0.0068,-0.4802,0.8770 timestamp: 1512295298767
0.0150,0.0064,-0.4535,0.8911 timestamp: 1512295298787
0.0151,0.0061,-0.4337,0.9009 timestamp: 1512295298817
0.0151,0.0058,-0.4081,0.9128 timestamp: 1512295298837
0.0151,0.0056,-0.3907,0.9204 timestamp: 1512295298878
0.0153,0.0052,-0.3615,0.9322 timestamp: 1512295298880
0.0154,0.0048,-0.3335,0.9426 timestamp: 1512295298897
0.0154,0.0044,-0.3101,0.9506 timestamp: 1512295298918
0.0153,0.0039,-0.2903,0.9568 timestamp: 1512295298938
0.0152,0.0035,-0.2587,0.9658 timestamp: 1512295298978
0.0152,0.0034,-0.2417,0.9702 timestamp: 1512295298981
0.0153,0.0032,-0.2230,0.9747 timestamp: 1512295298997
0.0152,0.0029,-0.2007,0.9795 timestamp: 1512295299037
0.0151,0.0026,-0.1758,0.9843 timestamp: 1512295299040
0.0151,0.0022,-0.1515,0.9883 timestamp: 1512295299057
0.0151,0.0017,-0.1222,0.9924 timestamp: 1512295299077
0.0151,0.0014,-0.1038,0.9945 timestamp: 1512295299098
0.0151,0.0011,-0.0843,0.9963 timestamp: 1512295299137
0.0150,0.0007,-0.0625,0.9979 timestamp: 1512295299141
0.0148,0.0005,-0.0376,0.9992 timestamp: 1512295299177
0.0148,0.0001,-0.0126,0.9998 timestamp: 1512295299180
0.0147,-0.0001,0.0057,0.9999 timestamp: 1512295299197
0.0145,-0.0005,0.0339,0.9993 timestamp: 1512295299218
0.0145,-0.0008,0.0570,0.9983 timestamp: 1512295299257
0.0144,-0.0011,0.0766,0.9970 timestamp: 1512295299260
0.0145,-0.0014,0.0961,0.9953 timestamp: 1512295299278
0.0143,-0.0016,0.1135,0.9934 timestamp: 1512295299297
0.0141,-0.0018,0.1309,0.9913 timestamp: 1512295299317
0.0140,-0.0020,0.1488,0.9888 timestamp: 1512295299338
0.0140,-0.0023,0.1718,0.9850 timestamp: 1512295299377
0.0139,-0.0026,0.1921,0.9813 timestamp: 1512295299380
0.0138,-0.0028,0.2101,0.9776 timestamp: 1512295299397
0.0137,-0.0032,0.2269,0.9738 timestamp: 1512295299417
0.0136,-0.0034,0.2428,0.9700 timestamp: 1512295299438
0.0134,-0.0035,0.2587,0.9659 timestamp: 1512295299457
0.0132,-0.0039,0.2810,0.9596 timestamp: 1512295299477
0.0130,-0.0041,0.2955,0.9552 timestamp: 1512295299497
0.0129,-0.0042,0.3094,0.9508 timestamp: 1512295299538
0.0127,-0.0044,0.3222,0.9466 timestamp: 1512295299577
0.0126,-0.0046,0.3339,0.9425 timestamp: 1512295299580
0.0125,-0.0048,0.3478,0.9375 timestamp: 1512295299617
0.0123,-0.0049,0.3578,0.9337 timestamp: 1512295299620
0.0122,-0.0051,0.3695,0.9291 timestamp: 1512295299637
0.0121,-0.0053,0.3804,0.9247 timestamp: 1512295299657
0.0119,-0.0055,0.3921,0.9198 timestamp: 1512295299677
0.0118,-0.0055,0.4018,0.9156 timestamp: 1512295299697
0.0116,-0.0056,0.4127,0.9108 timestamp: 1512295299738
0.0115,-0.0058,0.4225,0.9063 timestamp: 1512295299740
0.0114,-0.0058,0.4307,0.9024 timestamp: 1512295299757
0.0113,-0.0060,0.4453,0.8953 timestamp: 1512295299778
0.0112,-0.0061,0.4536,0.8911 timestamp: 1512295299797
0.0110,-0.0061,0.4611,0.8873 timestamp: 1512295299817
0.0109,-0.0062,0.4696,0.8828 timestamp: 1512295299838
0.0108,-0.0063,0.4770,0.8788 timestamp: 1512295299858
0.0107,-0.0063,0.4837,0.8751 timestamp: 1512295299877
0.0106,-0.0064,0.4900,0.8716 timestamp: 1512295299897
0.0106,-0.0065,0.4969,0.8677 timestamp: 1512295299917
0.0106,-0.0066,0.5019,0.8648 timestamp: 1512295299947
0.0105,-0.0066,0.5058,0.8626 timestamp: 1512295299950
0.0105,-0.0067,0.5094,0.8604 timestamp: 1512295299987
0.0104,-0.0066,0.5121,0.8588 timestamp: 1512295300007
0.0103,-0.0066,0.5151,0.8570 timestamp: 1512295300028
0.0103,-0.0066,0.5185,0.8550 timestamp: 1512295300047
0.0103,-0.0066,0.5204,0.8538 timestamp: 1512295300088
0.0102,-0.0065,0.5206,0.8537 timestamp: 1512295300091
0.0102,-0.0065,0.5195,0.8544 timestamp: 1512295300107
0.0102,-0.0064,0.5195,0.8544 timestamp: 1512295300126
0.0102,-0.0064,0.5207,0.8537 timestamp: 1512295300147
0.0102,-0.0063,0.5208,0.8536 timestamp: 1512295300167
0.0102,-0.0062,0.5205,0.8538 timestamp: 1512295300187
0.0101,-0.0062,0.5205,0.8538 timestamp: 1512295300227
0.0101,-0.0061,0.5201,0.8540 timestamp: 1512295300229
0.0101,-0.0061,0.5197,0.8543 timestamp: 1512295300247
0.0101,-0.0060,0.5201,0.8540 timestamp: 1512295300267
0.0101,-0.0060,0.5200,0.8541 timestamp: 1512295300287
0.0101,-0.0059,0.5197,0.8543 timestamp: 1512295300327
0.0101,-0.0059,0.5194,0.8545 timestamp: 1512295300330
0.0101,-0.0058,0.5197,0.8543 timestamp: 1512295300347
0.0101,-0.0058,0.5197,0.8543 timestamp: 1512295300367
0.0100,-0.0057,0.5197,0.8543 timestamp: 1512295300387
0.0100,-0.0057,0.5199,0.8541 timestamp: 1512295300427
0.0100,-0.0056,0.5195,0.8544 timestamp: 1512295300431
0.0100,-0.0055,0.5193,0.8545 timestamp: 1512295300447
0.0100,-0.0055,0.5191,0.8546 timestamp: 1512295300467
0.0100,-0.0054,0.5186,0.8549 timestamp: 1512295300487
0.0100,-0.0054,0.5185,0.8550 timestamp: 1512295300507
0.0100,-0.0053,0.5188,0.8548 timestamp: 1512295300527
0.0100,-0.0053,0.5190,0.8547 timestamp: 1512295300547
0.0100,-0.0052,0.5187,0.8549 timestamp: 1512295300567
0.0099,-0.0051,0.5183,0.8551 timestamp: 1512295300587
0.0099,-0.0051,0.5184,0.8551 timestamp: 1512295300628
0.0099,-0.0050,0.5183,0.8551 timestamp: 1512295300638
0.0099,-0.0050,0.5180,0.8553 timestamp: 1512295300649
0.0099,-0.0049,0.5178,0.8554 timestamp: 1512295300667
0.0099,-0.0049,0.5178,0.8554 timestamp: 1512295300688
0.0099,-0.0048,0.5179,0.8554 timestamp: 1512295300727
0.0099,-0.0048,0.5179,0.8554 timestamp: 1512295300731
0.0099,-0.0047,0.5175,0.8556 timestamp: 1512295300788
0.0098,-0.0047,0.5174,0.8557 timestamp: 1512295300791
0.0098,-0.0046,0.5173,0.8557 timestamp: 1512295300808
0.0098,-0.0045,0.5170,0.8559 timestamp: 1512295300828
0.0098,-0.0045,0.5168,0.8560 timestamp: 1512295300847
0.0098,-0.0045,0.5167,0.8561 timestamp: 1512295300888
0.0098,-0.0044,0.5168,0.8560 timestamp: 1512295300893
0.0098,-0.0044,0.5171,0.8559 timestamp: 1512295300908
0.0098,-0.0043,0.5173,0.8557 timestamp: 1512295300948
0.0098,-0.0043,0.5177,0.8555 timestamp: 1512295300950
0.0097,-0.0043,0.5202,0.8540 timestamp: 1512295300967
0.0096,-0.0043,0.5250,0.8510 timestamp: 1512295300987
0.0095,-0.0043,0.5318,0.8468 timestamp: 1512295301030
0.0095,-0.0045,0.5399,0.8417 timestamp: 1512295301037
0.0094,-0.0046,0.5481,0.8363 timestamp: 1512295301055
0.0093,-0.0047,0.5556,0.8314 timestamp: 1512295301075
0.0092,-0.0048,0.5640,0.8257 timestamp: 1512295301091
0.0091,-0.0050,0.5744,0.8185 timestamp: 1512295301128
0.0090,-0.0052,0.5850,0.8110 timestamp: 1512295301130
0.0088,-0.0055,0.6026,0.7980 timestamp: 1512295301147
0.0086,-0.0057,0.6134,0.7897 timestamp: 1512295301167
0.0085,-0.0059,0.6238,0.7815 timestamp: 1512295301188
0.0085,-0.0060,0.6341,0.7732 timestamp: 1512295301213
0.0083,-0.0061,0.6444,0.7646 timestamp: 1512295301227
0.0083,-0.0063,0.6545,0.7560 timestamp: 1512295301247
0.0081,-0.0063,0.6634,0.7482 timestamp: 1512295301266
0.0079,-0.0065,0.6751,0.7377 timestamp: 1512295301287
0.0077,-0.0067,0.6887,0.7250 timestamp: 1512295301308
0.0075,-0.0070,0.7033,0.7108 timestamp: 1512295301327
0.0074,-0.0073,0.7170,0.6970 timestamp: 1512295301348
0.0071,-0.0075,0.7292,0.6842 timestamp: 1512295301367
0.0071,-0.0075,0.7329,0.6803 timestamp: 1512295301388
0.0068,-0.0076,0.7446,0.6674 timestamp: 1512295301427
0.0065,-0.0077,0.7567,0.6537 timestamp: 1512295301429
0.0063,-0.0078,0.7648,0.6442 timestamp: 1512295301447
0.0063,-0.0080,0.7720,0.6355 timestamp: 1512295301467
0.0062,-0.0082,0.7827,0.6223 timestamp: 1512295301487
0.0061,-0.0083,0.7916,0.6110 timestamp: 1512295301507
0.0058,-0.0084,0.8036,0.5951 timestamp: 1512295301527
0.0055,-0.0086,0.8157,0.5784 timestamp: 1512295301548
0.0053,-0.0088,0.8221,0.5693 timestamp: 1512295301567
0.0051,-0.0089,0.8289,0.5593 timestamp: 1512295301607
0.0049,-0.0090,0.8386,0.5447 timestamp: 1512295301627
0.0048,-0.0092,0.8483,0.5294 timestamp: 1512295301647
0.0045,-0.0094,0.8606,0.5092 timestamp: 1512295301667
0.0040,-0.0096,0.8740,0.4858 timestamp: 1512295301688
0.0037,-0.0097,0.8840,0.4674 timestamp: 1512295301706
0.0036,-0.0100,0.8931,0.4497 timestamp: 1512295301727
0.0034,-0.0102,0.9019,0.4318 timestamp: 1512295301747
0.0031,-0.0103,0.9106,0.4131 timestamp: 1512295301767
0.0030,-0.0105,0.9153,0.4026 timestamp: 1512295301787
0.0027,-0.0107,0.9232,0.3842 timestamp: 1512295301808
0.0025,-0.0108,0.9278,0.3729 timestamp: 1512295301827
0.0023,-0.0108,0.9314,0.3638 timestamp: 1512295301847
0.0021,-0.0108,0.9369,0.3494 timestamp: 1512295301867
0.0017,-0.0109,0.9437,0.3306 timestamp: 1512295301887
0.0015,-0.0109,0.9496,0.3133 timestamp: 1512295301907
0.0013,-0.0110,0.9551,0.2961 timestamp: 1512295301927
0.0010,-0.0111,0.9604,0.2784 timestamp: 1512295301947
0.0006,-0.0113,0.9679,0.2511 timestamp: 1512295301988
0.0004,-0.0114,0.9715,0.2368 timestamp: 1512295301992
0.0002,-0.0114,0.9755,0.2197 timestamp: 1512295302027
0.0001,-0.0114,0.9791,0.2031 timestamp: 1512295302031
-0.0002,-0.0115,0.9826,0.1854 timestamp: 1512295302047
-0.0004,-0.0116,0.9861,0.1657 timestamp: 1512295302067
-0.0006,-0.0117,0.9876,0.1566 timestamp: 1512295302087
-0.0008,-0.0118,0.9906,0.1363 timestamp: 1512295302107
-0.0010,-0.0119,0.9930,0.1175 timestamp: 1512295302127
-0.0013,-0.0119,0.9950,0.0992 timestamp: 1512295302167
-0.0016,-0.0120,0.9965,0.0827 timestamp: 1512295302170
-0.0017,-0.0121,0.9977,0.0667 timestamp: 1512295302187
-0.0019,-0.0121,0.9984,0.0552 timestamp: 1512295302228
-0.0021,-0.0122,0.9991,0.0406 timestamp: 1512295302232
-0.0023,-0.0124,0.9996,0.0253 timestamp: 1512295302247
-0.0025,-0.0124,0.9998,0.0155 timestamp: 1512295302267
0.0027,0.0124,-0.9999,0.0062 timestamp: 1512295302288
0.0029,0.0125,-0.9998,0.0153 timestamp: 1512295302328
0.0030,0.0124,-0.9996,0.0252 timestamp: 1512295302337
0.0031,0.0124,-0.9991,0.0404 timestamp: 1512295302358
0.0034,0.0125,-0.9984,0.0550 timestamp: 1512295302380
0.0035,0.0125,-0.9976,0.0680 timestamp: 1512295302390
0.0037,0.0126,-0.9968,0.0789 timestamp: 1512295302427
0.0039,0.0126,-0.9958,0.0906 timestamp: 1512295302431
0.0040,0.0126,-0.9946,0.1029 timestamp: 1512295302447
0.0041,0.0126,-0.9933,0.1148 timestamp: 1512295302490
0.0042,0.0126,-0.9924,0.1223 timestamp: 1512295302498
0.0043,0.0126,-0.9911,0.1325 timestamp: 1512295302548
0.0045,0.0127,-0.9895,0.1439 timestamp: 1512295302552
0.0045,0.0127,-0.9890,0.1473 timestamp: 1512295302588
0.0046,0.0127,-0.9884,0.1513 timestamp: 1512295302590
0.0048,0.0128,-0.9868,0.1614 timestamp: 1512295302627
0.0051,0.0128,-0.9849,0.1726 timestamp: 1512295302632
0.0053,0.0127,-0.9826,0.1852 timestamp: 1512295302648
0.0054,0.0126,-0.9803,0.1970 timestamp: 1512295302670
0.0055,0.0126,-0.9785,0.2058 timestamp: 1512295302707
0.0056,0.0125,-0.9768,0.2137 timestamp: 1512295302710
0.0058,0.0125,-0.9746,0.2235 timestamp: 1512295302727
0.0059,0.0125,-0.9721,0.2342 timestamp: 1512295302747
0.0061,0.0124,-0.9694,0.2451 timestamp: 1512295302767
0.0062,0.0124,-0.9668,0.2552 timestamp: 1512295302788
0.0063,0.0124,-0.9644,0.2641 timestamp: 1512295302827
0.0064,0.0124,-0.9625,0.2709 timestamp: 1512295302832
0.0065,0.0124,-0.9607,0.2772 timestamp: 1512295302854
0.0065,0.0124,-0.9587,0.2841 timestamp: 1512295302888
0.0066,0.0124,-0.9565,0.2914 timestamp: 1512295302892
0.0067,0.0123,-0.9545,0.2979 timestamp: 1512295302907
0.0067,0.0123,-0.9522,0.3052 timestamp: 1512295302927
0.0067,0.0123,-0.9507,0.3098 timestamp: 1512295302947
0.0067,0.0123,-0.9496,0.3132 timestamp: 1512295302988
0.0068,0.0123,-0.9478,0.3186 timestamp: 1512295302991
0.0069,0.0123,-0.9465,0.3224 timestamp: 1512295303028
0.0070,0.0123,-0.9452,0.3262 timestamp: 1512295303030
0.0070,0.0123,-0.9439,0.3299 timestamp: 1512295303047
0.0070,0.0123,-0.9429,0.3328 timestamp: 1512295303067
0.0071,0.0122,-0.9407,0.3389 timestamp: 1512295303087
0.0072,0.0122,-0.9386,0.3447 timestamp: 1512295303108
0.0073,0.0121,-0.9374,0.3480 timestamp: 1512295303148
0.0073,0.0121,-0.9367,0.3498 timestamp: 1512295303150
0.0073,0.0121,-0.9365,0.3504 timestamp: 1512295303187
0.0073,0.0121,-0.9364,0.3506 timestamp: 1512295303190
0.0073,0.0121,-0.9357,0.3525 timestamp: 1512295303207
0.0073,0.0121,-0.9355,0.3530 timestamp: 1512295303227
0.0073,0.0121,-0.9357,0.3525 timestamp: 1512295303268
0.0073,0.0121,-0.9358,0.3522 timestamp: 1512295303270
0.0073,0.0121,-0.9356,0.3528 timestamp: 1512295303307
0.0074,0.0121,-0.9351,0.3541 timestamp: 1512295303327
0.0074,0.0121,-0.9349,0.3546 timestamp: 1512295303347
0.0074,0.0121,-0.9347,0.3552 timestamp: 1512295303367
0.0074,0.0121,-0.9338,0.3575 timestamp: 1512295303387
0.0075,0.0121,-0.9333,0.3588 timestamp: 1512295303409
0.0075,0.0121,-0.9330,0.3596 timestamp: 1512295303448
0.0075,0.0121,-0.9329,0.3599 timestamp: 1512295303452
0.0075,0.0121,-0.9327,0.3604 timestamp: 1512295303467
0.0075,0.0121,-0.9330,0.3596 timestamp: 1512295303488
0.0075,0.0121,-0.9330,0.3596 timestamp: 1512295303529
0.0075,0.0121,-0.9328,0.3601 timestamp: 1512295303531
0.0075,0.0121,-0.9327,0.3604 timestamp: 1512295303547
