0.0090,0.0135,-0.9245,0.3808 timestamp: 1512295144067
0.0090,0.0135,-0.9238,0.3825 timestamp: 1512295144108
0.0091,0.0135,-0.9214,0.3883 timestamp: 1512295144112
0.0094,0.0135,-0.9168,0.3990 timestamp: 1512295144127
0.0095,0.0134,-0.9133,0.4070 timestamp: 1512295144148
0.0095,0.0134,-0.9097,0.4149 timestamp: 1512295144188
0.0096,0.0133,-0.9060,0.4230 timestamp: 1512295144190
0.0098,0.0132,-0.9015,0.4325 timestamp: 1512295144228
0.0098,0.0132,-0.8968,0.4421 timestamp: 1512295144234
0.0099,0.0131,-0.8918,0.4521 timestamp: 1512295144267
0.0100,0.0131,-0.8863,0.4628 timestamp: 1512295144290
0.0102,0.0131,-0.8808,0.4732 timestamp: 1512295144295
0.0103,0.0130,-0.8750,0.4838 timestamp: 1512295144328
0.0105,0.0129,-0.8682,0.4959 timestamp: 1512295144348
0.0107,0.0128,-0.8605,0.5092 timestamp: 1512295144367
0.0109,0.0128,-0.8512,0.5246 timestamp: 1512295144388
0.0110,0.0127,-0.8448,0.5348 timestamp: 1512295144430
0.0112,0.0126,-0.8365,0.5477 timestamp: 1512295144435
0.0113,0.0125,-0.8279,0.5606 timestamp: 1512295144468
0.0116,0.0124,-0.8184,0.5744 timestamp: 1512295144471
0.0117,0.0122,-0.8075,0.5896 timestamp: 1512295144508
0.0118,0.0121,-0.7963,0.6047 timestamp: 1512295144512
0.0120,0.0119,-0.7863,0.6176 timestamp: 1512295144549
0.0121,0.0118,-0.7763,0.6301 timestamp: 1512295144557
0.0124,0.0116,-0.7627,0.6465 timestamp: 1512295144587
0.0125,0.0115,-0.7495,0.6618 timestamp: 1512295144590
0.0127,0.0113,-0.7352,0.6776 timestamp: 1512295144608
0.0129,0.0110,-0.7158,0.6981 timestamp: 1512295144652
0.0131,0.0108,-0.7001,0.7138 timestamp: 1512295144660
0.0133,0.0106,-0.6882,0.7253 timestamp: 1512295144669
0.0135,0.0103,-0.6649,0.7467 timestamp: 1512295144688
0.0137,0.0101,-0.6486,0.7609 timestamp: 1512295144708
0.0138,0.0098,-0.6312,0.7754 timestamp: 1512295144747
0.0140,0.0095,-0.6151,0.7883 timestamp: 1512295144751
0.0140,0.0093,-0.6013,0.7988 timestamp: 1512295144768
0.0141,0.0091,-0.5848,0.8110 timestamp: 1512295144809
0.0143,0.0088,-0.5665,0.8239 timestamp: 1512295144814
0.0144,0.0086,-0.5499,0.8351 timestamp: 1512295144828
0.0146,0.0082,-0.5276,0.8493 timestamp: 1512295144847
0.0147,0.0080,-0.5118,0.8589 timestamp: 1512295144867
0.0147,0.0076,-0.4868,0.8734 timestamp: 1512295144888
0.0149,0.0069,-0.4471,0.8943 timestamp: 1512295144908
0.0151,0.0065,-0.4220,0.9064 timestamp: 1512295144949
0.0152,0.0061,-0.3978,0.9173 timestamp: 1512295144954
0.0154,0.0057,-0.3739,0.9273 timestamp: 1512295144988
0.0154,0.0054,-0.3513,0.9361 timestamp: 1512295144991
0.0155,0.0050,-0.3313,0.9434 timestamp: 1512295145028
0.0156,0.0047,-0.3118,0.9500 timestamp: 1512295145032
0.0157,0.0045,-0.2951,0.9553 timestamp: 1512295145049
0.0157,0.0043,-0.2758,0.9611 timestamp: 1512295145070
0.0157,0.0041,-0.2595,0.9656 timestamp: 1512295145108
0.0157,0.0038,-0.2432,0.9698 timestamp: 1512295145128
0.0156,0.0034,-0.2199,0.9754 timestamp: 1512295145148
0.0156,0.0032,-0.2013,0.9794 timestamp: 1512295145168
0.0157,0.0028,-0.1823,0.9831 timestamp: 1512295145208
0.0156,0.0025,-0.1596,0.9871 timestamp: 1512295145215
0.0156,0.0023,-0.1450,0.9893 timestamp: 1512295145228
0.0156,0.0021,-0.1270,0.9918 timestamp: 1512295145267
0.0156,0.0016,-0.1041,0.9944 timestamp: 1512295145271
0.0155,0.0013,-0.0805,0.9966 timestamp: 1512295145287
0.0155,0.0011,-0.0596,0.9981 timestamp: 1512295145307
0.0153,0.0008,-0.0391,0.9991 timestamp: 1512295145327
0.0153,0.0006,-0.0200,0.9997 timestamp: 1512295145347
0.0152,0.0002,-0.0012,0.9999 timestamp: 1512295145387
0.0151,-0.0001,0.0192,0.9997 timestamp: 1512295145389
0.0150,-0.0004,0.0370,0.9992 timestamp: 1512295145407
0.0149,-0.0006,0.0552,0.9984 timestamp: 1512295145426
0.0149,-0.0008,0.0719,0.9973 timestamp: 1512295145448
0.0148,-0.0011,0.0876,0.9960 timestamp: 1512295145467
0.0147,-0.0013,0.1020,0.9947 timestamp: 1512295145490
0.0146,-0.0017,0.1237,0.9922 timestamp: 1512295145527
0.0145,-0.0019,0.1411,0.9899 timestamp: 1512295145530
0.0143,-0.0021,0.1577,0.9874 timestamp: 1512295145547
0.0142,-0.0023,0.1716,0.9851 timestamp: 1512295145587
0.0142,-0.0025,0.1851,0.9826 timestamp: 1512295145590
0.0141,-0.0027,0.2005,0.9796 timestamp: 1512295145607
0.0141,-0.0029,0.2147,0.9766 timestamp: 1512295145627
0.0140,-0.0031,0.2287,0.9734 timestamp: 1512295145647
0.0140,-0.0032,0.2410,0.9704 timestamp: 1512295145667
0.0139,-0.0034,0.2541,0.9671 timestamp: 1512295145689
0.0139,-0.0036,0.2673,0.9635 timestamp: 1512295145707
0.0138,-0.0038,0.2821,0.9593 timestamp: 1512295145726
0.0138,-0.0039,0.2962,0.9550 timestamp: 1512295145747
0.0137,-0.0040,0.3093,0.9509 timestamp: 1512295145767
0.0136,-0.0042,0.3275,0.9447 timestamp: 1512295145788
0.0135,-0.0044,0.3378,0.9411 timestamp: 1512295145827
0.0134,-0.0044,0.3468,0.9378 timestamp: 1512295145830
0.0133,-0.0046,0.3571,0.9340 timestamp: 1512295145847
0.0132,-0.0048,0.3682,0.9296 timestamp: 1512295145867
0.0131,-0.0049,0.3762,0.9264 timestamp: 1512295145887
0.0130,-0.0050,0.3827,0.9238 timestamp: 1512295145908
0.0129,-0.0051,0.3913,0.9202 timestamp: 1512295145948
0.0128,-0.0051,0.3993,0.9167 timestamp: 1512295145952
0.0127,-0.0052,0.4068,0.9134 timestamp: 1512295145970
0.0125,-0.0052,0.4153,0.9096 timestamp: 1512295146007
0.0125,-0.0053,0.4230,0.9060 timestamp: 1512295146027
0.0124,-0.0054,0.4302,0.9026 timestamp: 1512295146047
0.0122,-0.0055,0.4402,0.8978 timestamp: 1512295146067
0.0121,-0.0056,0.4472,0.8943 timestamp: 1512295146087
0.0121,-0.0057,0.4544,0.8907 timestamp: 1512295146108
0.0120,-0.0057,0.4615,0.8870 timestamp: 1512295146147
0.0119,-0.0057,0.4667,0.8843 timestamp: 1512295146150
0.0118,-0.0056,0.4712,0.8819 timestamp: 1512295146187
0.0119,-0.0058,0.4756,0.8796 timestamp: 1512295146191
0.0117,-0.0057,0.4798,0.8773 timestamp: 1512295146207
0.0117,-0.0058,0.4843,0.8748 timestamp: 1512295146227
0.0116,-0.0058,0.4880,0.8727 timestamp: 1512295146247
0.0116,-0.0058,0.4914,0.8708 timestamp: 1512295146267
0.0115,-0.0057,0.4943,0.8692 timestamp: 1512295146307
0.0115,-0.0058,0.4971,0.8676 timestamp: 1512295146310
0.0115,-0.0057,0.4981,0.8670 timestamp: 1512295146328
0.0115,-0.0056,0.4980,0.8671 timestamp: 1512295146348
0.0115,-0.0056,0.4983,0.8669 timestamp: 1512295146368
0.0114,-0.0056,0.4986,0.8667 timestamp: 1512295146387
0.0114,-0.0055,0.4976,0.8673 timestamp: 1512295146427
0.0114,-0.0054,0.4960,0.8682 timestamp: 1512295146431
0.0114,-0.0054,0.4954,0.8686 timestamp: 1512295146448
0.0114,-0.0053,0.4955,0.8685 timestamp: 1512295146487
0.0114,-0.0053,0.4949,0.8689 timestamp: 1512295146490
0.0114,-0.0052,0.4940,0.8694 timestamp: 1512295146507
0.0114,-0.0052,0.4929,0.8700 timestamp: 1512295146548
0.0114,-0.0051,0.4924,0.8703 timestamp: 1512295146553
0.0114,-0.0051,0.4924,0.8703 timestamp: 1512295146571
0.0114,-0.0050,0.4919,0.8706 timestamp: 1512295146587
0.0113,-0.0049,0.4924,0.8703 timestamp: 1512295146608
0.0113,-0.0049,0.4928,0.8701 timestamp: 1512295146626
0.0113,-0.0048,0.4930,0.8699 timestamp: 1512295146648
0.0113,-0.0048,0.4936,0.8696 timestamp: 1512295146668
0.0113,-0.0048,0.4942,0.8693 timestamp: 1512295146708
0.0112,-0.0047,0.4946,0.8690 timestamp: 1512295146711
0.0112,-0.0047,0.4948,0.8689 timestamp: 1512295146748
0.0112,-0.0046,0.4944,0.8692 timestamp: 1512295146753
0.0112,-0.0046,0.4940,0.8694 timestamp: 1512295146770
0.0112,-0.0045,0.4939,0.8694 timestamp: 1512295146788
0.0112,-0.0045,0.4939,0.8694 timestamp: 1512295146808
0.0112,-0.0044,0.4938,0.8695 timestamp: 1512295146847
0.0111,-0.0044,0.4935,0.8697 timestamp: 1512295146888
0.0111,-0.0043,0.4932,0.8698 timestamp: 1512295146891
0.0111,-0.0043,0.4930,0.8699 timestamp: 1512295146907
0.0111,-0.0043,0.4931,0.8699 timestamp: 1512295146946
0.0111,-0.0042,0.4929,0.8700 timestamp: 1512295146950
0.0111,-0.0042,0.4926,0.8702 timestamp: 1512295146987
0.0111,-0.0041,0.4927,0.8701 timestamp: 1512295146989
0.0111,-0.0041,0.4927,0.8701 timestamp: 1512295147007
0.0110,-0.0040,0.4922,0.8704 timestamp: 1512295147047
0.0110,-0.0040,0.4919,0.8706 timestamp: 1512295147052
0.0110,-0.0040,0.4921,0.8705 timestamp: 1512295147066
0.0110,-0.0039,0.4921,0.8705 timestamp: 1512295147087
0.0110,-0.0039,0.4919,0.8706 timestamp: 1512295147107
0.0110,-0.0038,0.4917,0.8707 timestamp: 1512295147127
0.0109,-0.0037,0.4915,0.8708 timestamp: 1512295147148
0.0109,-0.0037,0.4913,0.8709 timestamp: 1512295147187
0.0109,-0.0036,0.4908,0.8712 timestamp: 1512295147190
0.0109,-0.0036,0.4906,0.8713 timestamp: 1512295147207
0.0109,-0.0036,0.4922,0.8704 timestamp: 1512295147228
0.0108,-0.0036,0.4936,0.8696 timestamp: 1512295147247
0.0108,-0.0037,0.4960,0.8682 timestamp: 1512295147287
0.0107,-0.0036,0.5000,0.8660 timestamp: 1512295147290
0.0106,-0.0036,0.5058,0.8626 timestamp: 1512295147308
0.0105,-0.0037,0.5125,0.8586 timestamp: 1512295147349
0.0105,-0.0038,0.5196,0.8543 timestamp: 1512295147354
0.0104,-0.0039,0.5267,0.8500 timestamp: 1512295147368
0.0103,-0.0041,0.5381,0.8428 timestamp: 1512295147388
0.0102,-0.0041,0.5462,0.8376 timestamp: 1512295147407
0.0102,-0.0042,0.5549,0.8318 timestamp: 1512295147427
0.0101,-0.0043,0.5642,0.8256 timestamp: 1512295147447
0.0100,-0.0045,0.5736,0.8191 timestamp: 1512295147468
0.0098,-0.0045,0.5828,0.8125 timestamp: 1512295147507
0.0097,-0.0047,0.5937,0.8046 timestamp: 1512295147511
0.0096,-0.0049,0.6051,0.7961 timestamp: 1512295147528
0.0095,-0.0051,0.6160,0.7877 timestamp: 1512295147587
0.0094,-0.0053,0.6286,0.7777 timestamp: 1512295147591
0.0092,-0.0055,0.6410,0.7675 timestamp: 1512295147607
0.0090,-0.0057,0.6540,0.7564 timestamp: 1512295147627
0.0087,-0.0059,0.6714,0.7410 timestamp: 1512295147648
0.0085,-0.0061,0.6815,0.7317 timestamp: 1512295147687
0.0084,-0.0063,0.6910,0.7228 timestamp: 1512295147690
0.0083,-0.0063,0.7013,0.7128 timestamp: 1512295147713
0.0081,-0.0064,0.7120,0.7021 timestamp: 1512295147728
0.0079,-0.0066,0.7226,0.6912 timestamp: 1512295147746
0.0077,-0.0068,0.7349,0.6781 timestamp: 1512295147766
0.0073,-0.0069,0.7498,0.6616 timestamp: 1512295147787
0.0071,-0.0071,0.7622,0.6473 timestamp: 1512295147807
0.0070,-0.0074,0.7773,0.6290 timestamp: 1512295147826
0.0069,-0.0075,0.7837,0.6211 timestamp: 1512295147847
0.0067,-0.0076,0.7918,0.6107 timestamp: 1512295147866
0.0066,-0.0078,0.8022,0.5970 timestamp: 1512295147886
0.0064,-0.0078,0.8113,0.5845 timestamp: 1512295147909
0.0062,-0.0080,0.8261,0.5634 timestamp: 1512295147948
0.0060,-0.0081,0.8359,0.5488 timestamp: 1512295147952
0.0059,-0.0082,0.8457,0.5336 timestamp: 1512295147987
0.0057,-0.0084,0.8559,0.5170 timestamp: 1512295147989
0.0054,-0.0086,0.8653,0.5012 timestamp: 1512295148007
0.0052,-0.0088,0.8746,0.4847 timestamp: 1512295148027
0.0050,-0.0090,0.8834,0.4685 timestamp: 1512295148046
0.0049,-0.0091,0.8921,0.4517 timestamp: 1512295148067
0.0049,-0.0092,0.8973,0.4413 timestamp: 1512295148107
0.0046,-0.0093,0.9065,0.4221 timestamp: 1512295148109
0.0045,-0.0095,0.9123,0.4094 timestamp: 1512295148126
0.0042,-0.0096,0.9173,0.3981 timestamp: 1512295148146
0.0040,-0.0097,0.9243,0.3815 timestamp: 1512295148167
0.0036,-0.0098,0.9320,0.3623 timestamp: 1512295148187
0.0035,-0.0100,0.9369,0.3494 timestamp: 1512295148207
0.0034,-0.0100,0.9409,0.3385 timestamp: 1512295148227
0.0031,-0.0101,0.9467,0.3219 timestamp: 1512295148246
0.0029,-0.0103,0.9521,0.3056 timestamp: 1512295148268
0.0029,-0.0104,0.9554,0.2951 timestamp: 1512295148307
0.0028,-0.0104,0.9593,0.2822 timestamp: 1512295148309
0.0028,-0.0103,0.9630,0.2693 timestamp: 1512295148327
0.0028,-0.0104,0.9666,0.2561 timestamp: 1512295148348
0.0027,-0.0105,0.9701,0.2425 timestamp: 1512295148388
0.0026,-0.0105,0.9734,0.2289 timestamp: 1512295148408
0.0024,-0.0107,0.9765,0.2152 timestamp: 1512295148428
0.0021,-0.0109,0.9815,0.1911 timestamp: 1512295148468
0.0019,-0.0110,0.9851,0.1716 timestamp: 1512295148472
0.0017,-0.0111,0.9871,0.1597 timestamp: 1512295148507
0.0015,-0.0111,0.9893,0.1455 timestamp: 1512295148510
0.0013,-0.0112,0.9917,0.1281 timestamp: 1512295148547
0.0011,-0.0113,0.9935,0.1133 timestamp: 1512295148549
0.0009,-0.0114,0.9949,0.1002 timestamp: 1512295148568
0.0007,-0.0115,0.9963,0.0852 timestamp: 1512295148588
0.0005,-0.0116,0.9976,0.0683 timestamp: 1512295148608
0.0004,-0.0116,0.9983,0.0571 timestamp: 1512295148647
0.0003,-0.0117,0.9989,0.0454 timestamp: 1512295148650
0.0001,-0.0117,0.9995,0.0294 timestamp: 1512295148667
0.0000,-0.0118,0.9997,0.0215 timestamp: 1512295148688
-0.0001,-0.0118,0.9999,0.0078 timestamp: 1512295148728
0.0003,0.0119,-0.9998,0.0161 timestamp: 1512295148734
0.0005,0.0119,-0.9997,0.0214 timestamp: 1512295148749
0.0006,0.0120,-0.9994,0.0325 timestamp: 1512295148787
0.0008,0.0120,-0.9991,0.0407 timestamp: 1512295148789
0.0010,0.0120,-0.9986,0.0515 timestamp: 1512295148807
0.0012,0.0121,-0.9979,0.0636 timestamp: 1512295148827
0.0015,0.0121,-0.9970,0.0764 timestamp: 1512295148867
0.0018,0.0121,-0.9958,0.0907 timestamp: 1512295148870
0.0019,0.0121,-0.9945,0.1040 timestamp: 1512295148908
0.0020,0.0121,-0.9932,0.1158 timestamp: 1512295148912
0.0021,0.0122,-0.9919,0.1264 timestamp: 1512295148948
0.0024,0.0121,-0.9896,0.1433 timestamp: 1512295148957
0.0025,0.0121,-0.9883,0.1520 timestamp: 1512295148978
0.0027,0.0122,-0.9871,0.1596 timestamp: 1512295148987
0.0028,0.0122,-0.9854,0.1698 timestamp: 1512295149008
0.0029,0.0122,-0.9846,0.1744 timestamp: 1512295149027
0.0030,0.0122,-0.9836,0.1799 timestamp: 1512295149046
0.0030,0.0123,-0.9833,0.1816 timestamp: 1512295149087
0.0030,0.0123,-0.9827,0.1848 timestamp: 1512295149128
0.0030,0.0123,-0.9817,0.1900 timestamp: 1512295149138
0.0032,0.0124,-0.9806,0.1956 timestamp: 1512295149168
0.0033,0.0124,-0.9793,0.2020 timestamp: 1512295149173
0.0034,0.0124,-0.9780,0.2082 timestamp: 1512295149188
0.0035,0.0124,-0.9751,0.2214 timestamp: 1512295149228
0.0036,0.0124,-0.9730,0.2304 timestamp: 1512295149232
0.0036,0.0124,-0.9717,0.2359 timestamp: 1512295149267
0.0036,0.0123,-0.9706,0.2404 timestamp: 1512295149270
0.0037,0.0123,-0.9693,0.2455 timestamp: 1512295149289
0.0038,0.0122,-0.9679,0.2510 timestamp: 1512295149307
0.0038,0.0123,-0.9668,0.2552 timestamp: 1512295149327
0.0039,0.0123,-0.9654,0.2605 timestamp: 1512295149347
0.0039,0.0122,-0.9636,0.2670 timestamp: 1512295149367
0.0040,0.0121,-0.9615,0.2745 timestamp: 1512295149387
0.0040,0.0121,-0.9596,0.2811 timestamp: 1512295149408
0.0041,0.0121,-0.9582,0.2858 timestamp: 1512295149448
0.0042,0.0122,-0.9575,0.2881 timestamp: 1512295149450
0.0043,0.0122,-0.9563,0.2921 timestamp: 1512295149467
0.0043,0.0122,-0.9550,0.2963 timestamp: 1512295149487
0.0043,0.0122,-0.9543,0.2986 timestamp: 1512295149528
0.0043,0.0121,-0.9540,0.2995 timestamp: 1512295149531
0.0044,0.0121,-0.9534,0.3014 timestamp: 1512295149547
0.0044,0.0122,-0.9530,0.3027 timestamp: 1512295149588
0.0044,0.0122,-0.9531,0.3024 timestamp: 1512295149590
0.0044,0.0122,-0.9534,0.3014 timestamp: 1512295149607
0.0044,0.0122,-0.9537,0.3005 timestamp: 1512295149628
0.0044,0.0122,-0.9537,0.3005 timestamp: 1512295149647
0.0045,0.0122,-0.9534,0.3014 timestamp: 1512295149688
0.0045,0.0122,-0.9533,0.3017 timestamp: 1512295149693
0.0045,0.0122,-0.9531,0.3024 timestamp: 1512295149707
