0.0095,0.0129,-0.9228,0.3849 timestamp: 1512295235020
0.0095,0.0129,-0.9228,0.3849 timestamp: 1512295235038
0.0095,0.0129,-0.9227,0.3852 timestamp: 1512295235058
0.0095,0.0129,-0.9228,0.3849 timestamp: 1512295235077
0.0096,0.0130,-0.9226,0.3854 timestamp: 1512295235117
0.0096,0.0130,-0.9217,0.3876 timestamp: 1512295235121
0.0096,0.0130,-0.9209,0.3895 timestamp: 1512295235137
0.0095,0.0129,-0.9198,0.3921 timestamp: 1512295235158
0.0095,0.0129,-0.9184,0.3953 timestamp: 1512295235178
0.0097,0.0129,-0.9165,0.3997 timestamp: 1512295235198
0.0098,0.0129,-0.9144,0.4045 timestamp: 1512295235217
0.0098,0.0128,-0.9116,0.4108 timestamp: 1512295235259
0.0099,0.0127,-0.9078,0.4191 timestamp: 1512295235262
0.0100,0.0127,-0.9031,0.4291 timestamp: 1512295235278
0.0101,0.0126,-0.8980,0.4397 timestamp: 1512295235298
0.0103,0.0125,-0.8927,0.4504 timestamp: 1512295235338
0.0104,0.0125,-0.8875,0.4605 timestamp: 1512295235341
0.0106,0.0124,-0.8821,0.4708 timestamp: 1512295235378
0.0108,0.0122,-0.8724,0.4885 timestamp: 1512295235418
0.0109,0.0121,-0.8651,0.5013 timestamp: 1512295235424
0.0110,0.0120,-0.8570,0.5151 timestamp: 1512295235443
0.0112,0.0119,-0.8480,0.5297 timestamp: 1512295235451
0.0114,0.0118,-0.8369,0.5471 timestamp: 1512295235477
0.0116,0.0116,-0.8245,0.5656 timestamp: 1512295235508
0.0118,0.0115,-0.8122,0.5831 timestamp: 1512295235511
0.0120,0.0113,-0.7993,0.6007 timestamp: 1512295235527
0.0122,0.0111,-0.7867,0.6171 timestamp: 1512295235571
0.0122,0.0109,-0.7723,0.6350 timestamp: 1512295235579
0.0125,0.0108,-0.7608,0.6488 timestamp: 1512295235590
0.0127,0.0108,-0.7498,0.6615 timestamp: 1512295235618
0.0128,0.0106,-0.7389,0.6736 timestamp: 1512295235637
0.0129,0.0104,-0.7295,0.6838 timestamp: 1512295235657
0.0131,0.0103,-0.7166,0.6973 timestamp: 1512295235678
0.0133,0.0101,-0.6984,0.7155 timestamp: 1512295235698
0.0134,0.0098,-0.6857,0.7277 timestamp: 1512295235738
0.0135,0.0096,-0.6647,0.7469 timestamp: 1512295235741
0.0136,0.0093,-0.6505,0.7593 timestamp: 1512295235758
0.0137,0.0091,-0.6356,0.7718 timestamp: 1512295235798
0.0138,0.0089,-0.6198,0.7846 timestamp: 1512295235801
0.0139,0.0086,-0.5989,0.8007 timestamp: 1512295235817
0.0140,0.0083,-0.5802,0.8143 timestamp: 1512295235837
0.0141,0.0079,-0.5573,0.8302 timestamp: 1512295235867
0.0142,0.0077,-0.5383,0.8426 timestamp: 1512295235887
0.0144,0.0073,-0.5102,0.8599 timestamp: 1512295235907
0.0146,0.0069,-0.4832,0.8754 timestamp: 1512295235927
0.0148,0.0064,-0.4501,0.8928 timestamp: 1512295235967
0.0148,0.0061,-0.4242,0.9054 timestamp: 1512295235970
0.0149,0.0058,-0.4005,0.9162 timestamp: 1512295235988
0.0149,0.0056,-0.3830,0.9236 timestamp: 1512295236007
0.0149,0.0053,-0.3654,0.9307 timestamp: 1512295236027
0.0149,0.0051,-0.3479,0.9374 timestamp: 1512295236047
0.0149,0.0048,-0.3304,0.9437 timestamp: 1512295236087
0.0149,0.0046,-0.3131,0.9496 timestamp: 1512295236090
0.0149,0.0041,-0.2814,0.9595 timestamp: 1512295236107
0.0149,0.0038,-0.2609,0.9652 timestamp: 1512295236127
0.0149,0.0035,-0.2378,0.9712 timestamp: 1512295236147
0.0148,0.0031,-0.2134,0.9768 timestamp: 1512295236168
0.0147,0.0026,-0.1768,0.9841 timestamp: 1512295236208
0.0147,0.0023,-0.1540,0.9880 timestamp: 1512295236212
0.0146,0.0017,-0.1092,0.9939 timestamp: 1512295236248
0.0145,0.0014,-0.0894,0.9959 timestamp: 1512295236253
0.0145,0.0011,-0.0674,0.9976 timestamp: 1512295236271
0.0144,0.0008,-0.0484,0.9987 timestamp: 1512295236294
0.0143,0.0006,-0.0294,0.9995 timestamp: 1512295236310
0.0142,0.0003,-0.0076,0.9999 timestamp: 1512295236327
0.0141,0.0000,0.0161,0.9998 timestamp: 1512295236347
0.0141,-0.0002,0.0383,0.9992 timestamp: 1512295236367
0.0140,-0.0004,0.0552,0.9984 timestamp: 1512295236388
0.0139,-0.0007,0.0721,0.9973 timestamp: 1512295236429
0.0138,-0.0009,0.0901,0.9958 timestamp: 1512295236440
0.0137,-0.0012,0.1067,0.9942 timestamp: 1512295236447
0.0136,-0.0013,0.1243,0.9922 timestamp: 1512295236468
0.0136,-0.0014,0.1375,0.9904 timestamp: 1512295236507
0.0135,-0.0016,0.1595,0.9871 timestamp: 1512295236511
0.0134,-0.0018,0.1769,0.9841 timestamp: 1512295236528
0.0133,-0.0021,0.1959,0.9805 timestamp: 1512295236547
0.0131,-0.0023,0.2135,0.9769 timestamp: 1512295236568
0.0130,-0.0024,0.2295,0.9732 timestamp: 1512295236607
0.0129,-0.0026,0.2448,0.9695 timestamp: 1512295236611
0.0128,-0.0028,0.2597,0.9656 timestamp: 1512295236647
0.0127,-0.0030,0.2732,0.9619 timestamp: 1512295236667
0.0126,-0.0032,0.2878,0.9576 timestamp: 1512295236687
0.0126,-0.0034,0.3044,0.9525 timestamp: 1512295236707
0.0126,-0.0036,0.3218,0.9467 timestamp: 1512295236728
0.0125,-0.0038,0.3375,0.9412 timestamp: 1512295236767
0.0124,-0.0039,0.3529,0.9356 timestamp: 1512295236770
0.0122,-0.0041,0.3711,0.9285 timestamp: 1512295236807
0.0121,-0.0043,0.3828,0.9237 timestamp: 1512295236810
0.0120,-0.0044,0.3941,0.9190 timestamp: 1512295236827
0.0119,-0.0046,0.4053,0.9141 timestamp: 1512295236847
0.0117,-0.0047,0.4157,0.9094 timestamp: 1512295236867
0.0116,-0.0048,0.4225,0.9063 timestamp: 1512295236887
0.0116,-0.0048,0.4295,0.9030 timestamp: 1512295236907
0.0115,-0.0048,0.4365,0.8996 timestamp: 1512295236927
0.0114,-0.0048,0.4417,0.8971 timestamp: 1512295236947
0.0114,-0.0048,0.4466,0.8946 timestamp: 1512295236967
0.0113,-0.0049,0.4524,0.8917 timestamp: 1512295236987
0.0113,-0.0050,0.4588,0.8885 timestamp: 1512295237007
0.0112,-0.0050,0.4644,0.8855 timestamp: 1512295237027
0.0111,-0.0050,0.4685,0.8834 timestamp: 1512295237048
0.0111,-0.0049,0.4716,0.8817 timestamp: 1512295237088
0.0111,-0.0049,0.4721,0.8815 timestamp: 1512295237091
0.0111,-0.0048,0.4714,0.8818 timestamp: 1512295237107
0.0111,-0.0048,0.4707,0.8822 timestamp: 1512295237127
0.0111,-0.0047,0.4708,0.8822 timestamp: 1512295237147
0.0111,-0.0047,0.4711,0.8820 timestamp: 1512295237167
0.0111,-0.0046,0.4714,0.8818 timestamp: 1512295237187
0.0111,-0.0046,0.4713,0.8819 timestamp: 1512295237207
0.0111,-0.0046,0.4715,0.8818 timestamp: 1512295237226
0.0111,-0.0045,0.4714,0.8818 timestamp: 1512295237247
0.0110,-0.0045,0.4712,0.8819 timestamp: 1512295237268
0.0110,-0.0044,0.4713,0.8819 timestamp: 1512295237307
0.0110,-0.0044,0.4711,0.8820 timestamp: 1512295237310
0.0110,-0.0043,0.4701,0.8825 timestamp: 1512295237328
0.0110,-0.0042,0.4695,0.8829 timestamp: 1512295237367
0.0110,-0.0042,0.4693,0.8830 timestamp: 1512295237370
0.0110,-0.0041,0.4691,0.8831 timestamp: 1512295237407
0.0110,-0.0041,0.4688,0.8832 timestamp: 1512295237410
0.0109,-0.0040,0.4691,0.8831 timestamp: 1512295237428
0.0109,-0.0040,0.4694,0.8829 timestamp: 1512295237447
0.0109,-0.0039,0.4696,0.8828 timestamp: 1512295237487
0.0109,-0.0039,0.4700,0.8826 timestamp: 1512295237507
0.0109,-0.0039,0.4705,0.8823 timestamp: 1512295237527
0.0109,-0.0038,0.4708,0.8822 timestamp: 1512295237567
0.0109,-0.0038,0.4705,0.8823 timestamp: 1512295237570
0.0109,-0.0037,0.4701,0.8825 timestamp: 1512295237589
0.0108,-0.0037,0.4700,0.8826 timestamp: 1512295237627
0.0108,-0.0036,0.4698,0.8827 timestamp: 1512295237630
0.0108,-0.0036,0.4700,0.8826 timestamp: 1512295237647
0.0108,-0.0035,0.4702,0.8825 timestamp: 1512295237666
0.0108,-0.0035,0.4703,0.8824 timestamp: 1512295237687
0.0108,-0.0034,0.4704,0.8824 timestamp: 1512295237728
0.0108,-0.0034,0.4706,0.8823 timestamp: 1512295237731
0.0108,-0.0034,0.4709,0.8821 timestamp: 1512295237767
0.0108,-0.0033,0.4705,0.8823 timestamp: 1512295237769
0.0108,-0.0033,0.4703,0.8824 timestamp: 1512295237787
0.0107,-0.0032,0.4703,0.8824 timestamp: 1512295237807
0.0107,-0.0032,0.4704,0.8824 timestamp: 1512295237827
0.0107,-0.0031,0.4706,0.8823 timestamp: 1512295237846
0.0107,-0.0031,0.4709,0.8821 timestamp: 1512295237867
0.0107,-0.0030,0.4713,0.8819 timestamp: 1512295237887
0.0107,-0.0030,0.4712,0.8820 timestamp: 1512295237907
0.0107,-0.0029,0.4712,0.8820 timestamp: 1512295237927
0.0107,-0.0029,0.4712,0.8820 timestamp: 1512295237947
0.0106,-0.0028,0.4710,0.8821 timestamp: 1512295237967
0.0106,-0.0028,0.4711,0.8820 timestamp: 1512295237997
0.0106,-0.0028,0.4722,0.8814 timestamp: 1512295238017
0.0106,-0.0027,0.4730,0.8810 timestamp: 1512295238037
0.0105,-0.0027,0.4735,0.8807 timestamp: 1512295238078
0.0105,-0.0026,0.4734,0.8808 timestamp: 1512295238081
0.0104,-0.0026,0.4742,0.8804 timestamp: 1512295238097
0.0104,-0.0026,0.4769,0.8789 timestamp: 1512295238117
0.0103,-0.0026,0.4813,0.8765 timestamp: 1512295238138
0.0103,-0.0028,0.4869,0.8734 timestamp: 1512295238178
0.0103,-0.0029,0.4954,0.8686 timestamp: 1512295238180
0.0102,-0.0029,0.4999,0.8660 timestamp: 1512295238198
0.0101,-0.0029,0.5051,0.8630 timestamp: 1512295238217
0.0100,-0.0030,0.5120,0.8589 timestamp: 1512295238257
0.0099,-0.0031,0.5200,0.8541 timestamp: 1512295238260
0.0098,-0.0033,0.5287,0.8487 timestamp: 1512295238286
0.0097,-0.0034,0.5387,0.8424 timestamp: 1512295238318
0.0096,-0.0035,0.5476,0.8367 timestamp: 1512295238320
0.0094,-0.0036,0.5576,0.8300 timestamp: 1512295238338
0.0093,-0.0037,0.5691,0.8222 timestamp: 1512295238357
0.0091,-0.0040,0.5808,0.8140 timestamp: 1512295238377
0.0090,-0.0042,0.5945,0.8040 timestamp: 1512295238417
0.0088,-0.0044,0.6072,0.7945 timestamp: 1512295238420
0.0087,-0.0046,0.6208,0.7839 timestamp: 1512295238437
0.0084,-0.0048,0.6409,0.7676 timestamp: 1512295238457
0.0082,-0.0050,0.6554,0.7552 timestamp: 1512295238478
0.0081,-0.0054,0.6697,0.7426 timestamp: 1512295238518
0.0082,-0.0056,0.6799,0.7332 timestamp: 1512295238520
0.0080,-0.0057,0.6917,0.7221 timestamp: 1512295238558
0.0078,-0.0059,0.7029,0.7112 timestamp: 1512295238560
0.0076,-0.0059,0.7140,0.7001 timestamp: 1512295238577
0.0075,-0.0060,0.7202,0.6937 timestamp: 1512295238598
0.0074,-0.0060,0.7279,0.6856 timestamp: 1512295238638
0.0073,-0.0059,0.7361,0.6768 timestamp: 1512295238641
0.0071,-0.0061,0.7466,0.6652 timestamp: 1512295238682
0.0070,-0.0063,0.7568,0.6536 timestamp: 1512295238688
0.0068,-0.0065,0.7651,0.6438 timestamp: 1512295238700
0.0066,-0.0066,0.7784,0.6277 timestamp: 1512295238737
0.0064,-0.0068,0.7894,0.6138 timestamp: 1512295238740
0.0063,-0.0070,0.7970,0.6039 timestamp: 1512295238780
0.0060,-0.0070,0.8051,0.5931 timestamp: 1512295238792
0.0058,-0.0072,0.8143,0.5804 timestamp: 1512295238817
0.0057,-0.0073,0.8227,0.5684 timestamp: 1512295238837
0.0056,-0.0076,0.8338,0.5520 timestamp: 1512295238878
0.0055,-0.0078,0.8445,0.5355 timestamp: 1512295238880
0.0052,-0.0080,0.8547,0.5190 timestamp: 1512295238898
0.0050,-0.0081,0.8626,0.5058 timestamp: 1512295238917
0.0047,-0.0082,0.8731,0.4874 timestamp: 1512295238937
0.0045,-0.0082,0.8771,0.4802 timestamp: 1512295238957
0.0043,-0.0083,0.8813,0.4725 timestamp: 1512295238998
0.0042,-0.0085,0.8879,0.4599 timestamp: 1512295239000
0.0038,-0.0088,0.9036,0.4283 timestamp: 1512295239037
0.0035,-0.0090,0.9138,0.4060 timestamp: 1512295239041
0.0034,-0.0092,0.9180,0.3965 timestamp: 1512295239078
0.0032,-0.0092,0.9224,0.3861 timestamp: 1512295239082
0.0031,-0.0092,0.9273,0.3742 timestamp: 1512295239097
0.0030,-0.0093,0.9327,0.3605 timestamp: 1512295239138
0.0030,-0.0093,0.9390,0.3438 timestamp: 1512295239142
0.0028,-0.0094,0.9450,0.3269 timestamp: 1512295239157
0.0025,-0.0095,0.9515,0.3075 timestamp: 1512295239178
0.0023,-0.0097,0.9572,0.2893 timestamp: 1512295239197
0.0022,-0.0098,0.9598,0.2805 timestamp: 1512295239217
0.0020,-0.0098,0.9640,0.2657 timestamp: 1512295239237
0.0017,-0.0099,0.9691,0.2465 timestamp: 1512295239257
0.0016,-0.0101,0.9735,0.2285 timestamp: 1512295239298
0.0012,-0.0102,0.9793,0.2022 timestamp: 1512295239300
0.0010,-0.0103,0.9825,0.1860 timestamp: 1512295239317
0.0009,-0.0104,0.9855,0.1694 timestamp: 1512295239338
0.0006,-0.0105,0.9885,0.1509 timestamp: 1512295239377
0.0005,-0.0104,0.9906,0.1364 timestamp: 1512295239380
0.0003,-0.0104,0.9923,0.1234 timestamp: 1512295239397
0.0001,-0.0104,0.9943,0.1061 timestamp: 1512295239418
0.0000,-0.0105,0.9956,0.0931 timestamp: 1512295239437
-0.0002,-0.0105,0.9968,0.0792 timestamp: 1512295239457
-0.0004,-0.0105,0.9979,0.0639 timestamp: 1512295239478
-0.0005,-0.0106,0.9987,0.0499 timestamp: 1512295239517
-0.0007,-0.0106,0.9993,0.0359 timestamp: 1512295239521
-0.0009,-0.0107,0.9997,0.0220 timestamp: 1512295239537
-0.0011,-0.0107,0.9999,0.0092 timestamp: 1512295239557
0.0012,0.0107,-0.9997,0.0220 timestamp: 1512295239577
0.0015,0.0107,-0.9992,0.0385 timestamp: 1512295239598
0.0016,0.0107,-0.9989,0.0456 timestamp: 1512295239637
0.0016,0.0108,-0.9985,0.0537 timestamp: 1512295239657
0.0018,0.0109,-0.9980,0.0622 timestamp: 1512295239677
0.0019,0.0109,-0.9973,0.0726 timestamp: 1512295239697
0.0020,0.0109,-0.9964,0.0840 timestamp: 1512295239717
0.0022,0.0109,-0.9952,0.0972 timestamp: 1512295239737
0.0024,0.0109,-0.9939,0.1097 timestamp: 1512295239757
0.0026,0.0109,-0.9925,0.1217 timestamp: 1512295239777
0.0027,0.0110,-0.9910,0.1334 timestamp: 1512295239797
0.0028,0.0110,-0.9895,0.1441 timestamp: 1512295239817
0.0029,0.0110,-0.9881,0.1534 timestamp: 1512295239837
0.0030,0.0111,-0.9865,0.1634 timestamp: 1512295239858
0.0032,0.0111,-0.9840,0.1778 timestamp: 1512295239877
0.0033,0.0111,-0.9826,0.1854 timestamp: 1512295239897
0.0034,0.0111,-0.9814,0.1916 timestamp: 1512295239938
0.0035,0.0111,-0.9800,0.1987 timestamp: 1512295239940
0.0036,0.0111,-0.9783,0.2069 timestamp: 1512295239957
0.0037,0.0111,-0.9762,0.2166 timestamp: 1512295239977
0.0037,0.0111,-0.9741,0.2258 timestamp: 1512295239998
0.0037,0.0111,-0.9722,0.2339 timestamp: 1512295240037
0.0039,0.0110,-0.9707,0.2400 timestamp: 1512295240040
0.0039,0.0110,-0.9694,0.2452 timestamp: 1512295240057
0.0040,0.0110,-0.9676,0.2522 timestamp: 1512295240098
0.0040,0.0110,-0.9659,0.2587 timestamp: 1512295240100
0.0041,0.0110,-0.9643,0.2646 timestamp: 1512295240117
0.0041,0.0110,-0.9628,0.2700 timestamp: 1512295240137
0.0042,0.0110,-0.9609,0.2766 timestamp: 1512295240177
0.0041,0.0110,-0.9604,0.2784 timestamp: 1512295240180
0.0043,0.0110,-0.9597,0.2808 timestamp: 1512295240197
0.0043,0.0110,-0.9588,0.2838 timestamp: 1512295240218
0.0044,0.0111,-0.9580,0.2865 timestamp: 1512295240237
0.0044,0.0111,-0.9572,0.2892 timestamp: 1512295240257
0.0044,0.0111,-0.9566,0.2912 timestamp: 1512295240277
0.0045,0.0111,-0.9559,0.2934 timestamp: 1512295240298
0.0046,0.0111,-0.9553,0.2954 timestamp: 1512295240337
0.0046,0.0111,-0.9549,0.2967 timestamp: 1512295240340
0.0046,0.0111,-0.9544,0.2983 timestamp: 1512295240357
0.0046,0.0111,-0.9538,0.3002 timestamp: 1512295240377
0.0046,0.0111,-0.9534,0.3015 timestamp: 1512295240398
0.0047,0.0111,-0.9526,0.3040 timestamp: 1512295240442
0.0047,0.0111,-0.9519,0.3062 timestamp: 1512295240451
0.0047,0.0111,-0.9514,0.3077 timestamp: 1512295240477
0.0048,0.0111,-0.9511,0.3086 timestamp: 1512295240497
0.0048,0.0111,-0.9505,0.3105 timestamp: 1512295240516
0.0048,0.0111,-0.9499,0.3123 timestamp: 1512295240537
0.0048,0.0111,-0.9494,0.3138 timestamp: 1512295240557
0.0049,0.0111,-0.9489,0.3153 timestamp: 1512295240598
0.0049,0.0111,-0.9488,0.3156 timestamp: 1512295240602
0.0049,0.0111,-0.9488,0.3156 timestamp: 1512295240618
0.0049,0.0111,-0.9486,0.3162 timestamp: 1512295240657
0.0049,0.0111,-0.9486,0.3162 timestamp: 1512295240661
