-0.0013,-0.0068,-0.0867,-0.9962 timestamp: 1512306073237
-0.0013,-0.0068,-0.0867,-0.9962 timestamp: 1512306073252
-0.0013,-0.0068,-0.0867,-0.9962 timestamp: 1512306073272
-0.0013,-0.0068,-0.0867,-0.9962 timestamp: 1512306073292
-0.0013,-0.0069,-0.0867,-0.9962 timestamp: 1512306073314
-0.0013,-0.0069,-0.0867,-0.9962 timestamp: 1512306073333
-0.0013,-0.0069,-0.0867,-0.9962 timestamp: 1512306073353
-0.0013,-0.0069,-0.0867,-0.9962 timestamp: 1512306073373
-0.0012,-0.0069,-0.0867,-0.9962 timestamp: 1512306073392
-0.0012,-0.0069,-0.0867,-0.9962 timestamp: 1512306073412
-0.0012,-0.0069,-0.0867,-0.9962 timestamp: 1512306073434
-0.0012,-0.0069,-0.0867,-0.9962 timestamp: 1512306073453
-0.0012,-0.0070,-0.0867,-0.9962 timestamp: 1512306073472
-0.0012,-0.0070,-0.0867,-0.9962 timestamp: 1512306073492
-0.0012,-0.0070,-0.0867,-0.9962 timestamp: 1512306073512
-0.0011,-0.0070,-0.0867,-0.9962 timestamp: 1512306073532
-0.0011,-0.0070,-0.0867,-0.9962 timestamp: 1512306073552
-0.0011,-0.0070,-0.0867,-0.9962 timestamp: 1512306073573
-0.0011,-0.0069,-0.0867,-0.9962 timestamp: 1512306073592
-0.0010,-0.0070,-0.0867,-0.9962 timestamp: 1512306073612
-0.0011,-0.0070,-0.0867,-0.9962 timestamp: 1512306073632
-0.0012,-0.0071,-0.0864,-0.9962 timestamp: 1512306073652
-0.0009,-0.0083,-0.0844,-0.9964 timestamp: 1512306073672
-0.0007,-0.0090,-0.0805,-0.9967 timestamp: 1512306073692
-0.0006,-0.0097,-0.0760,-0.9971 timestamp: 1512306073712
-0.0004,-0.0094,-0.0714,-0.9974 timestamp: 1512306073732
-0.0002,-0.0091,-0.0665,-0.9977 timestamp: 1512306073752
0.0002,-0.0093,-0.0604,-0.9981 timestamp: 1512306073772
0.0005,-0.0100,-0.0527,-0.9986 timestamp: 1512306073792
0.0008,-0.0107,-0.0428,-0.9990 timestamp: 1512306073812
0.0010,-0.0115,-0.0310,-0.9995 timestamp: 1512306073832
0.0013,-0.0122,-0.0182,-0.9998 timestamp: 1512306073852
0.0012,-0.0123,-0.0053,-0.9999 timestamp: 1512306073872
0.0012,-0.0122,0.0079,-0.9999 timestamp: 1512306073892
0.0011,-0.0120,0.0218,-0.9997 timestamp: 1512306073913
0.0013,-0.0118,0.0362,-0.9993 timestamp: 1512306073932
0.0014,-0.0119,0.0516,-0.9986 timestamp: 1512306073952
0.0015,-0.0120,0.0680,-0.9976 timestamp: 1512306073972
0.0014,-0.0119,0.0854,-0.9963 timestamp: 1512306073992
0.0012,-0.0119,0.1033,-0.9946 timestamp: 1512306074012
0.0010,-0.0119,0.1219,-0.9925 timestamp: 1512306074032
0.0007,-0.0118,0.1405,-0.9900 timestamp: 1512306074052
0.0005,-0.0117,0.1586,-0.9873 timestamp: 1512306074072
0.0003,-0.0116,0.1768,-0.9842 timestamp: 1512306074092
0.0001,-0.0116,0.1957,-0.9806 timestamp: 1512306074113
-0.0001,-0.0115,0.2154,-0.9764 timestamp: 1512306074132
-0.0002,-0.0115,0.2361,-0.9717 timestamp: 1512306074153
-0.0004,-0.0115,0.2573,-0.9663 timestamp: 1512306074172
-0.0005,-0.0114,0.2783,-0.9604 timestamp: 1512306074192
-0.0007,-0.0113,0.2991,-0.9541 timestamp: 1512306074212
-0.0009,-0.0111,0.3209,-0.9471 timestamp: 1512306074232
-0.0011,-0.0111,0.3437,-0.9390 timestamp: 1512306074252
-0.0013,-0.0110,0.3671,-0.9301 timestamp: 1512306074272
-0.0014,-0.0110,0.3910,-0.9203 timestamp: 1512306074292
-0.0020,-0.0107,0.4146,-0.9099 timestamp: 1512306074312
-0.0025,-0.0104,0.4371,-0.8993 timestamp: 1512306074332
-0.0028,-0.0101,0.4591,-0.8883 timestamp: 1512306074352
-0.0031,-0.0098,0.4809,-0.8767 timestamp: 1512306074372
-0.0034,-0.0095,0.5024,-0.8646 timestamp: 1512306074392
-0.0037,-0.0093,0.5237,-0.8518 timestamp: 1512306074413
-0.0040,-0.0091,0.5447,-0.8385 timestamp: 1512306074432
-0.0042,-0.0087,0.5653,-0.8248 timestamp: 1512306074452
-0.0046,-0.0083,0.5853,-0.8108 timestamp: 1512306074472
-0.0050,-0.0079,0.6041,-0.7969 timestamp: 1512306074492
-0.0053,-0.0077,0.6224,-0.7827 timestamp: 1512306074512
-0.0056,-0.0076,0.6414,-0.7671 timestamp: 1512306074532
-0.0059,-0.0075,0.6605,-0.7508 timestamp: 1512306074552
-0.0066,-0.0073,0.6781,-0.7348 timestamp: 1512306074572
-0.0073,-0.0071,0.6946,-0.7193 timestamp: 1512306074592
-0.0075,-0.0067,0.7105,-0.7037 timestamp: 1512306074612
-0.0077,-0.0061,0.7257,-0.6879 timestamp: 1512306074632
-0.0078,-0.0056,0.7403,-0.6722 timestamp: 1512306074652
-0.0080,-0.0051,0.7539,-0.6570 timestamp: 1512306074672
-0.0082,-0.0046,0.7660,-0.6427 timestamp: 1512306074692
-0.0085,-0.0043,0.7775,-0.6288 timestamp: 1512306074712
-0.0084,-0.0040,0.7888,-0.6146 timestamp: 1512306074732
-0.0084,-0.0037,0.8013,-0.5982 timestamp: 1512306074751
-0.0082,-0.0037,0.8156,-0.5785 timestamp: 1512306074771
-0.0080,-0.0036,0.8303,-0.5573 timestamp: 1512306074792
-0.0087,-0.0035,0.8432,-0.5375 timestamp: 1512306074811
-0.0090,-0.0030,0.8546,-0.5191 timestamp: 1512306074832
-0.0092,-0.0026,0.8653,-0.5011 timestamp: 1512306074851
-0.0093,-0.0022,0.8756,-0.4829 timestamp: 1512306074872
-0.0093,-0.0019,0.8858,-0.4640 timestamp: 1512306074875
-0.0093,-0.0017,0.8962,-0.4435 timestamp: 1512306074911
-0.0094,-0.0016,0.9065,-0.4220 timestamp: 1512306074932
-0.0096,-0.0014,0.9160,-0.4011 timestamp: 1512306074951
-0.0100,-0.0011,0.9244,-0.3812 timestamp: 1512306074971
-0.0101,-0.0008,0.9319,-0.3625 timestamp: 1512306074992
-0.0102,-0.0004,0.9385,-0.3451 timestamp: 1512306075011
-0.0113,0.0008,0.9441,-0.3293 timestamp: 1512306075032
-0.0123,0.0021,0.9490,-0.3151 timestamp: 1512306075051
-0.0131,0.0023,0.9535,-0.3012 timestamp: 1512306075071
-0.0129,0.0028,0.9581,-0.2862 timestamp: 1512306075091
-0.0126,0.0033,0.9626,-0.2707 timestamp: 1512306075111
-0.0136,0.0027,0.9665,-0.2561 timestamp: 1512306075132
-0.0138,0.0027,0.9701,-0.2423 timestamp: 1512306075151
-0.0140,0.0027,0.9733,-0.2290 timestamp: 1512306075171
-0.0138,0.0025,0.9763,-0.2161 timestamp: 1512306075191
-0.0136,0.0024,0.9791,-0.2027 timestamp: 1512306075211
-0.0135,0.0028,0.9818,-0.1892 timestamp: 1512306075232
-0.0142,0.0028,0.9841,-0.1770 timestamp: 1512306075251
-0.0148,0.0028,0.9859,-0.1666 timestamp: 1512306075271
-0.0149,0.0033,0.9875,-0.1566 timestamp: 1512306075291
-0.0150,0.0037,0.9891,-0.1462 timestamp: 1512306075312
-0.0150,0.0039,0.9906,-0.1362 timestamp: 1512306075332
-0.0152,0.0038,0.9918,-0.1272 timestamp: 1512306075351
-0.0153,0.0037,0.9927,-0.1195 timestamp: 1512306075371
-0.0160,0.0035,0.9934,-0.1136 timestamp: 1512306075391
-0.0168,0.0031,0.9938,-0.1096 timestamp: 1512306075413
-0.0175,0.0026,0.9940,-0.1077 timestamp: 1512306075431
-0.0180,0.0025,0.9940,-0.1074 timestamp: 1512306075452
-0.0182,0.0025,0.9940,-0.1074 timestamp: 1512306075471
-0.0181,0.0025,0.9940,-0.1074 timestamp: 1512306075491
-0.0180,0.0026,0.9940,-0.1074 timestamp: 1512306075511
-0.0180,0.0026,0.9940,-0.1074 timestamp: 1512306075532
-0.0179,0.0026,0.9940,-0.1074 timestamp: 1512306075552
-0.0179,0.0026,0.9940,-0.1074 timestamp: 1512306075556
-0.0178,0.0027,0.9940,-0.1074 timestamp: 1512306075591
-0.0178,0.0027,0.9940,-0.1074 timestamp: 1512306075612
-0.0178,0.0027,0.9940,-0.1074 timestamp: 1512306075615
-0.0178,0.0028,0.9940,-0.1074 timestamp: 1512306075651
-0.0177,0.0028,0.9940,-0.1074 timestamp: 1512306075672
-0.0177,0.0028,0.9941,-0.1074 timestamp: 1512306075693
-0.0176,0.0029,0.9941,-0.1074 timestamp: 1512306075711
-0.0175,0.0029,0.9941,-0.1074 timestamp: 1512306075731
-0.0174,0.0029,0.9941,-0.1074 timestamp: 1512306075751
-0.0174,0.0029,0.9941,-0.1074 timestamp: 1512306075771
-0.0174,0.0029,0.9941,-0.1074 timestamp: 1512306075791
-0.0174,0.0030,0.9941,-0.1074 timestamp: 1512306075811
-0.0174,0.0030,0.9941,-0.1074 timestamp: 1512306075831
-0.0173,0.0030,0.9941,-0.1074 timestamp: 1512306075834
-0.0173,0.0031,0.9941,-0.1074 timestamp: 1512306075851
-0.0172,0.0031,0.9941,-0.1074 timestamp: 1512306075871
-0.0171,0.0031,0.9941,-0.1074 timestamp: 1512306075911
-0.0171,0.0031,0.9941,-0.1074 timestamp: 1512306075915
-0.0170,0.0032,0.9941,-0.1074 timestamp: 1512306075951
-0.0170,0.0032,0.9941,-0.1074 timestamp: 1512306075954
-0.0170,0.0032,0.9941,-0.1074 timestamp: 1512306075971
-0.0170,0.0032,0.9941,-0.1074 timestamp: 1512306076011
-0.0170,0.0033,0.9941,-0.1074 timestamp: 1512306076015
-0.0170,0.0033,0.9941,-0.1074 timestamp: 1512306076051
-0.0169,0.0034,0.9941,-0.1074 timestamp: 1512306076071
-0.0168,0.0034,0.9941,-0.1074 timestamp: 1512306076091
-0.0167,0.0034,0.9941,-0.1074 timestamp: 1512306076094
-0.0167,0.0035,0.9941,-0.1074 timestamp: 1512306076131
-0.0166,0.0035,0.9941,-0.1074 timestamp: 1512306076151
-0.0166,0.0035,0.9941,-0.1074 timestamp: 1512306076171
-0.0166,0.0035,0.9941,-0.1074 timestamp: 1512306076191
-0.0166,0.0035,0.9941,-0.1074 timestamp: 1512306076211
-0.0166,0.0036,0.9941,-0.1074 timestamp: 1512306076231
-0.0165,0.0039,0.9943,-0.1057 timestamp: 1512306076251
-0.0148,0.0054,0.9948,-0.1010 timestamp: 1512306076271
-0.0129,0.0064,0.9955,-0.0937 timestamp: 1512306076291
-0.0111,0.0074,0.9964,-0.0842 timestamp: 1512306076311
-0.0106,0.0075,0.9972,-0.0739 timestamp: 1512306076331
-0.0114,0.0074,0.9978,-0.0644 timestamp: 1512306076351
-0.0122,0.0073,0.9984,-0.0552 timestamp: 1512306076371
-0.0117,0.0083,0.9989,-0.0456 timestamp: 1512306076391
-0.0113,0.0093,0.9993,-0.0344 timestamp: 1512306076411
-0.0101,0.0111,0.9997,-0.0201 timestamp: 1512306076431
-0.0089,0.0117,0.9999,-0.0028 timestamp: 1512306076451
0.0084,-0.0120,-0.9998,0.0166 timestamp: 1512306076471
0.0080,-0.0120,-0.9992,0.0374 timestamp: 1512306076491
0.0074,-0.0123,-0.9981,0.0602 timestamp: 1512306076511
0.0068,-0.0126,-0.9963,0.0852 timestamp: 1512306076531
0.0064,-0.0131,-0.9936,0.1116 timestamp: 1512306076551
0.0061,-0.0136,-0.9902,0.1386 timestamp: 1512306076571
0.0059,-0.0139,-0.9861,0.1657 timestamp: 1512306076591
0.0060,-0.0141,-0.9813,0.1921 timestamp: 1512306076611
0.0060,-0.0143,-0.9758,0.2183 timestamp: 1512306076631
0.0058,-0.0144,-0.9694,0.2449 timestamp: 1512306076651
0.0055,-0.0146,-0.9621,0.2724 timestamp: 1512306076671
0.0051,-0.0149,-0.9536,0.3006 timestamp: 1512306076692
0.0051,-0.0148,-0.9444,0.3286 timestamp: 1512306076711
0.0051,-0.0147,-0.9345,0.3557 timestamp: 1512306076731
0.0051,-0.0146,-0.9238,0.3826 timestamp: 1512306076751
0.0051,-0.0150,-0.9120,0.4098 timestamp: 1512306076771
0.0050,-0.0153,-0.8989,0.4378 timestamp: 1512306076790
0.0051,-0.0155,-0.8844,0.4664 timestamp: 1512306076811
0.0052,-0.0158,-0.8689,0.4948 timestamp: 1512306076831
0.0052,-0.0160,-0.8524,0.5226 timestamp: 1512306076851
0.0051,-0.0157,-0.8354,0.5494 timestamp: 1512306076870
0.0049,-0.0155,-0.8185,0.5742 timestamp: 1512306076890
0.0045,-0.0151,-0.8021,0.5969 timestamp: 1512306076911
0.0040,-0.0146,-0.7856,0.6186 timestamp: 1512306076930
0.0036,-0.0148,-0.7681,0.6401 timestamp: 1512306076950
0.0036,-0.0149,-0.7503,0.6609 timestamp: 1512306076971
0.0035,-0.0149,-0.7330,0.6801 timestamp: 1512306076990
0.0034,-0.0147,-0.7158,0.6982 timestamp: 1512306077011
0.0031,-0.0144,-0.6987,0.7153 timestamp: 1512306077030
0.0029,-0.0142,-0.6822,0.7310 timestamp: 1512306077050
0.0027,-0.0140,-0.6660,0.7458 timestamp: 1512306077070
0.0025,-0.0139,-0.6496,0.7601 timestamp: 1512306077091
0.0021,-0.0137,-0.6334,0.7737 timestamp: 1512306077110
0.0021,-0.0138,-0.6165,0.7872 timestamp: 1512306077130
0.0020,-0.0138,-0.5983,0.8011 timestamp: 1512306077150
0.0020,-0.0136,-0.5791,0.8151 timestamp: 1512306077170
0.0020,-0.0134,-0.5602,0.8283 timestamp: 1512306077190
0.0017,-0.0130,-0.5414,0.8406 timestamp: 1512306077210
0.0016,-0.0128,-0.5229,0.8523 timestamp: 1512306077230
0.0015,-0.0127,-0.5047,0.8632 timestamp: 1512306077250
0.0013,-0.0126,-0.4867,0.8735 timestamp: 1512306077270
0.0011,-0.0125,-0.4690,0.8831 timestamp: 1512306077290
0.0009,-0.0123,-0.4512,0.8923 timestamp: 1512306077310
0.0006,-0.0123,-0.4334,0.9011 timestamp: 1512306077331
0.0004,-0.0122,-0.4156,0.9094 timestamp: 1512306077350
0.0002,-0.0120,-0.3984,0.9171 timestamp: 1512306077370
-0.0001,-0.0118,-0.3818,0.9242 timestamp: 1512306077390
-0.0005,-0.0115,-0.3651,0.9309 timestamp: 1512306077410
-0.0007,-0.0114,-0.3484,0.9373 timestamp: 1512306077431
-0.0012,-0.0105,-0.3330,0.9429 timestamp: 1512306077450
-0.0018,-0.0096,-0.3188,0.9478 timestamp: 1512306077470
-0.0014,-0.0092,-0.3047,0.9524 timestamp: 1512306077490
-0.0012,-0.0088,-0.2903,0.9569 timestamp: 1512306077510
-0.0007,-0.0085,-0.2761,0.9611 timestamp: 1512306077531
-0.0010,-0.0080,-0.2627,0.9648 timestamp: 1512306077550
-0.0013,-0.0075,-0.2494,0.9684 timestamp: 1512306077570
-0.0011,-0.0077,-0.2356,0.9718 timestamp: 1512306077590
-0.0009,-0.0080,-0.2216,0.9751 timestamp: 1512306077610
-0.0012,-0.0078,-0.2081,0.9781 timestamp: 1512306077630
-0.0016,-0.0073,-0.1951,0.9807 timestamp: 1512306077650
-0.0021,-0.0068,-0.1834,0.9830 timestamp: 1512306077671
-0.0023,-0.0061,-0.1729,0.9849 timestamp: 1512306077690
-0.0023,-0.0061,-0.1626,0.9867 timestamp: 1512306077710
-0.0023,-0.0060,-0.1526,0.9883 timestamp: 1512306077730
-0.0028,-0.0057,-0.1432,0.9897 timestamp: 1512306077750
-0.0034,-0.0053,-0.1347,0.9909 timestamp: 1512306077770
-0.0041,-0.0048,-0.1281,0.9917 timestamp: 1512306077790
-0.0046,-0.0040,-0.1236,0.9923 timestamp: 1512306077810
-0.0052,-0.0032,-0.1206,0.9927 timestamp: 1512306077830
-0.0049,-0.0032,-0.1177,0.9930 timestamp: 1512306077850
-0.0046,-0.0032,-0.1146,0.9934 timestamp: 1512306077870
-0.0044,-0.0031,-0.1119,0.9937 timestamp: 1512306077890
-0.0047,-0.0029,-0.1102,0.9939 timestamp: 1512306077910
-0.0050,-0.0027,-0.1097,0.9939 timestamp: 1512306077930
-0.0051,-0.0027,-0.1097,0.9939 timestamp: 1512306077950
-0.0051,-0.0027,-0.1097,0.9939 timestamp: 1512306077970
-0.0050,-0.0028,-0.1097,0.9939 timestamp: 1512306077990
-0.0050,-0.0028,-0.1097,0.9939 timestamp: 1512306078010
-0.0050,-0.0029,-0.1097,0.9939 timestamp: 1512306078030
-0.0049,-0.0029,-0.1097,0.9939 timestamp: 1512306078051
-0.0049,-0.0029,-0.1097,0.9939 timestamp: 1512306078070
-0.0049,-0.0029,-0.1097,0.9939 timestamp: 1512306078090
-0.0049,-0.0029,-0.1097,0.9939 timestamp: 1512306078110
-0.0048,-0.0030,-0.1097,0.9939 timestamp: 1512306078130
-0.0048,-0.0030,-0.1097,0.9939 timestamp: 1512306078150
-0.0048,-0.0030,-0.1097,0.9939 timestamp: 1512306078170
-0.0048,-0.0031,-0.1097,0.9939 timestamp: 1512306078190
-0.0048,-0.0031,-0.1097,0.9939 timestamp: 1512306078210
-0.0047,-0.0031,-0.1097,0.9939 timestamp: 1512306078230
-0.0047,-0.0031,-0.1097,0.9939 timestamp: 1512306078250
-0.0046,-0.0031,-0.1097,0.9939 timestamp: 1512306078270
-0.0046,-0.0031,-0.1097,0.9939 timestamp: 1512306078290
-0.0046,-0.0031,-0.1097,0.9939 timestamp: 1512306078310
-0.0046,-0.0032,-0.1097,0.9939 timestamp: 1512306078330
-0.0046,-0.0032,-0.1097,0.9939 timestamp: 1512306078350
-0.0046,-0.0033,-0.1097,0.9939 timestamp: 1512306078370
-0.0046,-0.0033,-0.1097,0.9939 timestamp: 1512306078390
-0.0045,-0.0033,-0.1097,0.9939 timestamp: 1512306078410
-0.0045,-0.0033,-0.1097,0.9939 timestamp: 1512306078430
-0.0044,-0.0033,-0.1097,0.9939 timestamp: 1512306078450
-0.0044,-0.0033,-0.1097,0.9939 timestamp: 1512306078470
-0.0044,-0.0034,-0.1097,0.9939 timestamp: 1512306078490
-0.0044,-0.0034,-0.1097,0.9939 timestamp: 1512306078510
-0.0043,-0.0035,-0.1097,0.9939 timestamp: 1512306078530
-0.0043,-0.0036,-0.1097,0.9939 timestamp: 1512306078550
-0.0043,-0.0036,-0.1097,0.9939 timestamp: 1512306078570
-0.0043,-0.0036,-0.1097,0.9939 timestamp: 1512306078590
-0.0042,-0.0036,-0.1097,0.9939 timestamp: 1512306078610
-0.0042,-0.0036,-0.1097,0.9939 timestamp: 1512306078630
-0.0042,-0.0036,-0.1097,0.9939 timestamp: 1512306078650
-0.0041,-0.0036,-0.1097,0.9939 timestamp: 1512306078670
-0.0041,-0.0037,-0.1097,0.9939 timestamp: 1512306078690
-0.0041,-0.0037,-0.1097,0.9939 timestamp: 1512306078710
-0.0041,-0.0038,-0.1097,0.9939 timestamp: 1512306078730
-0.0041,-0.0038,-0.1097,0.9939 timestamp: 1512306078750
-0.0040,-0.0038,-0.1097,0.9939 timestamp: 1512306078770
-0.0040,-0.0038,-0.1097,0.9939 timestamp: 1512306078790
-0.0040,-0.0039,-0.1097,0.9939 timestamp: 1512306078810
-0.0040,-0.0039,-0.1097,0.9939 timestamp: 1512306078829
-0.0039,-0.0039,-0.1097,0.9939 timestamp: 1512306078849
-0.0039,-0.0039,-0.1097,0.9939 timestamp: 1512306078869
-0.0039,-0.0040,-0.1097,0.9939 timestamp: 1512306078889
-0.0039,-0.0040,-0.1097,0.9939 timestamp: 1512306078909
