-0.0005,-0.0067,0.0581,-0.9983 timestamp: 1512306040610
-0.0005,-0.0067,0.0581,-0.9983 timestamp: 1512306040633
-0.0005,-0.0067,0.0581,-0.9983 timestamp: 1512306040654
-0.0005,-0.0068,0.0581,-0.9983 timestamp: 1512306040670
-0.0005,-0.0068,0.0581,-0.9983 timestamp: 1512306040690
-0.0004,-0.0068,0.0581,-0.9983 timestamp: 1512306040710
-0.0004,-0.0067,0.0581,-0.9983 timestamp: 1512306040730
-0.0004,-0.0068,0.0581,-0.9983 timestamp: 1512306040793
-0.0004,-0.0068,0.0581,-0.9983 timestamp: 1512306040796
-0.0004,-0.0068,0.0581,-0.9983 timestamp: 1512306040798
-0.0004,-0.0068,0.0581,-0.9983 timestamp: 1512306040810
-0.0004,-0.0068,0.0581,-0.9983 timestamp: 1512306040830
-0.0004,-0.0068,0.0581,-0.9983 timestamp: 1512306040850
-0.0004,-0.0069,0.0581,-0.9983 timestamp: 1512306040870
-0.0004,-0.0069,0.0581,-0.9983 timestamp: 1512306040890
-0.0004,-0.0069,0.0581,-0.9983 timestamp: 1512306040910
-0.0004,-0.0069,0.0581,-0.9983 timestamp: 1512306040930
-0.0004,-0.0069,0.0581,-0.9983 timestamp: 1512306040950
-0.0004,-0.0069,0.0581,-0.9983 timestamp: 1512306040970
-0.0004,-0.0069,0.0581,-0.9983 timestamp: 1512306040990
-0.0004,-0.0070,0.0581,-0.9983 timestamp: 1512306041010
-0.0003,-0.0070,0.0581,-0.9983 timestamp: 1512306041030
-0.0003,-0.0070,0.0581,-0.9983 timestamp: 1512306041050
-0.0003,-0.0070,0.0581,-0.9983 timestamp: 1512306041070
-0.0003,-0.0071,0.0581,-0.9983 timestamp: 1512306041090
-0.0003,-0.0071,0.0581,-0.9983 timestamp: 1512306041110
-0.0002,-0.0072,0.0586,-0.9982 timestamp: 1512306041130
0.0002,-0.0076,0.0601,-0.9982 timestamp: 1512306041150
0.0006,-0.0079,0.0625,-0.9980 timestamp: 1512306041170
0.0010,-0.0083,0.0659,-0.9978 timestamp: 1512306041190
0.0009,-0.0082,0.0694,-0.9975 timestamp: 1512306041209
0.0008,-0.0085,0.0729,-0.9973 timestamp: 1512306041230
0.0008,-0.0087,0.0780,-0.9969 timestamp: 1512306041250
0.0014,-0.0092,0.0856,-0.9963 timestamp: 1512306041269
0.0020,-0.0098,0.0956,-0.9954 timestamp: 1512306041289
0.0023,-0.0103,0.1066,-0.9942 timestamp: 1512306041310
0.0022,-0.0103,0.1178,-0.9930 timestamp: 1512306041329
0.0021,-0.0103,0.1291,-0.9916 timestamp: 1512306041350
0.0022,-0.0108,0.1415,-0.9899 timestamp: 1512306041369
0.0022,-0.0113,0.1560,-0.9877 timestamp: 1512306041389
0.0030,-0.0119,0.1730,-0.9848 timestamp: 1512306041409
0.0030,-0.0120,0.1925,-0.9812 timestamp: 1512306041429
0.0030,-0.0121,0.2136,-0.9768 timestamp: 1512306041449
0.0027,-0.0121,0.2355,-0.9718 timestamp: 1512306041469
0.0025,-0.0121,0.2579,-0.9661 timestamp: 1512306041490
0.0022,-0.0121,0.2808,-0.9597 timestamp: 1512306041492
0.0019,-0.0123,0.3051,-0.9522 timestamp: 1512306041529
0.0015,-0.0125,0.3313,-0.9435 timestamp: 1512306041549
0.0013,-0.0124,0.3583,-0.9335 timestamp: 1512306041569
0.0008,-0.0121,0.3848,-0.9229 timestamp: 1512306041589
0.0004,-0.0118,0.4110,-0.9115 timestamp: 1512306041609
0.0001,-0.0116,0.4374,-0.8992 timestamp: 1512306041629
-0.0002,-0.0114,0.4633,-0.8861 timestamp: 1512306041649
-0.0008,-0.0114,0.4888,-0.8723 timestamp: 1512306041669
-0.0011,-0.0112,0.5146,-0.8574 timestamp: 1512306041689
-0.0014,-0.0111,0.5401,-0.8415 timestamp: 1512306041710
-0.0018,-0.0109,0.5653,-0.8248 timestamp: 1512306041729
-0.0020,-0.0107,0.5906,-0.8069 timestamp: 1512306041749
-0.0022,-0.0105,0.6152,-0.7883 timestamp: 1512306041769
-0.0026,-0.0103,0.6382,-0.7698 timestamp: 1512306041789
-0.0029,-0.0101,0.6599,-0.7513 timestamp: 1512306041809
-0.0033,-0.0097,0.6815,-0.7318 timestamp: 1512306041829
-0.0039,-0.0093,0.7031,-0.7111 timestamp: 1512306041849
-0.0045,-0.0089,0.7231,-0.6907 timestamp: 1512306041869
-0.0049,-0.0085,0.7416,-0.6707 timestamp: 1512306041889
-0.0053,-0.0080,0.7592,-0.6507 timestamp: 1512306041909
-0.0056,-0.0077,0.7756,-0.6312 timestamp: 1512306041930
-0.0056,-0.0075,0.7911,-0.6116 timestamp: 1512306041949
-0.0057,-0.0072,0.8065,-0.5912 timestamp: 1512306041969
-0.0058,-0.0069,0.8219,-0.5695 timestamp: 1512306041989
-0.0061,-0.0066,0.8371,-0.5469 timestamp: 1512306042009
-0.0064,-0.0063,0.8523,-0.5229 timestamp: 1512306042029
-0.0068,-0.0060,0.8674,-0.4974 timestamp: 1512306042049
-0.0071,-0.0056,0.8814,-0.4722 timestamp: 1512306042069
-0.0078,-0.0054,0.8944,-0.4471 timestamp: 1512306042089
-0.0079,-0.0050,0.9072,-0.4206 timestamp: 1512306042109
-0.0080,-0.0046,0.9198,-0.3923 timestamp: 1512306042129
-0.0085,-0.0043,0.9314,-0.3640 timestamp: 1512306042149
-0.0088,-0.0040,0.9418,-0.3360 timestamp: 1512306042169
-0.0092,-0.0037,0.9510,-0.3090 timestamp: 1512306042189
-0.0096,-0.0034,0.9589,-0.2837 timestamp: 1512306042209
-0.0101,-0.0031,0.9658,-0.2590 timestamp: 1512306042229
-0.0102,-0.0026,0.9721,-0.2343 timestamp: 1512306042249
-0.0103,-0.0021,0.9779,-0.2089 timestamp: 1512306042269
-0.0104,-0.0015,0.9830,-0.1835 timestamp: 1512306042289
-0.0108,-0.0013,0.9871,-0.1598 timestamp: 1512306042309
-0.0112,-0.0011,0.9902,-0.1391 timestamp: 1512306042329
-0.0116,-0.0011,0.9926,-0.1213 timestamp: 1512306042349
-0.0123,-0.0010,0.9944,-0.1048 timestamp: 1512306042369
-0.0130,-0.0009,0.9959,-0.0895 timestamp: 1512306042389
-0.0133,-0.0012,0.9971,-0.0754 timestamp: 1512306042409
-0.0129,-0.0011,0.9981,-0.0608 timestamp: 1512306042429
-0.0125,-0.0010,0.9989,-0.0460 timestamp: 1512306042449
-0.0123,-0.0004,0.9994,-0.0316 timestamp: 1512306042469
-0.0122,0.0002,0.9998,-0.0177 timestamp: 1512306042489
-0.0128,0.0005,0.9999,-0.0053 timestamp: 1512306042509
0.0133,-0.0003,-0.9999,0.0053 timestamp: 1512306042529
0.0138,-0.0002,-0.9998,0.0152 timestamp: 1512306042549
0.0143,-0.0005,-0.9996,0.0244 timestamp: 1512306042569
0.0149,-0.0009,-0.9994,0.0318 timestamp: 1512306042589
0.0158,-0.0003,-0.9992,0.0369 timestamp: 1512306042609
0.0166,0.0002,-0.9991,0.0396 timestamp: 1512306042629
0.0174,0.0007,-0.9990,0.0407 timestamp: 1512306042649
0.0177,0.0005,-0.9990,0.0409 timestamp: 1512306042669
0.0177,0.0005,-0.9990,0.0409 timestamp: 1512306042689
0.0176,0.0004,-0.9990,0.0409 timestamp: 1512306042709
0.0176,0.0004,-0.9990,0.0409 timestamp: 1512306042729
0.0176,0.0003,-0.9990,0.0410 timestamp: 1512306042749
0.0175,0.0003,-0.9990,0.0410 timestamp: 1512306042769
0.0175,0.0003,-0.9990,0.0410 timestamp: 1512306042789
0.0174,0.0002,-0.9990,0.0410 timestamp: 1512306042809
0.0174,0.0002,-0.9990,0.0410 timestamp: 1512306042829
0.0174,0.0001,-0.9990,0.0410 timestamp: 1512306042849
0.0173,0.0001,-0.9990,0.0410 timestamp: 1512306042869
0.0173,0.0000,-0.9990,0.0410 timestamp: 1512306042889
0.0173,-0.0000,-0.9990,0.0410 timestamp: 1512306042909
0.0172,-0.0000,-0.9990,0.0410 timestamp: 1512306042929
0.0172,-0.0001,-0.9990,0.0410 timestamp: 1512306042949
0.0171,-0.0001,-0.9990,0.0410 timestamp: 1512306042969
0.0171,-0.0001,-0.9990,0.0410 timestamp: 1512306042989
0.0171,-0.0002,-0.9990,0.0410 timestamp: 1512306043009
0.0170,-0.0002,-0.9990,0.0410 timestamp: 1512306043029
0.0170,-0.0003,-0.9990,0.0410 timestamp: 1512306043049
0.0170,-0.0003,-0.9990,0.0410 timestamp: 1512306043069
0.0169,-0.0004,-0.9990,0.0410 timestamp: 1512306043088
0.0169,-0.0004,-0.9990,0.0410 timestamp: 1512306043108
0.0169,-0.0005,-0.9990,0.0410 timestamp: 1512306043129
0.0168,-0.0005,-0.9990,0.0410 timestamp: 1512306043149
0.0168,-0.0006,-0.9990,0.0410 timestamp: 1512306043170
0.0167,-0.0006,-0.9990,0.0410 timestamp: 1512306043188
0.0167,-0.0006,-0.9990,0.0410 timestamp: 1512306043209
0.0167,-0.0007,-0.9990,0.0410 timestamp: 1512306043229
0.0167,-0.0007,-0.9990,0.0410 timestamp: 1512306043249
0.0167,-0.0007,-0.9990,0.0410 timestamp: 1512306043268
0.0166,-0.0008,-0.9990,0.0410 timestamp: 1512306043289
0.0166,-0.0008,-0.9990,0.0410 timestamp: 1512306043309
0.0166,-0.0008,-0.9990,0.0410 timestamp: 1512306043328
0.0165,-0.0008,-0.9990,0.0410 timestamp: 1512306043348
0.0165,-0.0010,-0.9990,0.0410 timestamp: 1512306043368
0.0161,-0.0015,-0.9990,0.0426 timestamp: 1512306043388
0.0146,-0.0028,-0.9988,0.0473 timestamp: 1512306043408
0.0131,-0.0041,-0.9984,0.0550 timestamp: 1512306043428
0.0110,-0.0055,-0.9978,0.0651 timestamp: 1512306043448
0.0100,-0.0063,-0.9970,0.0768 timestamp: 1512306043468
0.0089,-0.0071,-0.9959,0.0894 timestamp: 1512306043488
0.0090,-0.0076,-0.9946,0.1030 timestamp: 1512306043508
0.0091,-0.0080,-0.9930,0.1173 timestamp: 1512306043528
0.0096,-0.0086,-0.9911,0.1322 timestamp: 1512306043548
0.0097,-0.0099,-0.9888,0.1485 timestamp: 1512306043568
0.0095,-0.0103,-0.9860,0.1660 timestamp: 1512306043588
0.0093,-0.0108,-0.9826,0.1851 timestamp: 1512306043608
0.0087,-0.0111,-0.9784,0.2063 timestamp: 1512306043628
0.0081,-0.0115,-0.9733,0.2290 timestamp: 1512306043648
0.0075,-0.0118,-0.9672,0.2538 timestamp: 1512306043668
0.0068,-0.0121,-0.9594,0.2816 timestamp: 1512306043688
0.0065,-0.0125,-0.9501,0.3115 timestamp: 1512306043708
0.0067,-0.0126,-0.9397,0.3417 timestamp: 1512306043728
0.0068,-0.0128,-0.9286,0.3707 timestamp: 1512306043748
0.0070,-0.0132,-0.9172,0.3982 timestamp: 1512306043768
0.0072,-0.0135,-0.9049,0.4253 timestamp: 1512306043788
0.0074,-0.0139,-0.8918,0.4521 timestamp: 1512306043808
0.0075,-0.0142,-0.8775,0.4793 timestamp: 1512306043828
0.0075,-0.0146,-0.8614,0.5077 timestamp: 1512306043848
0.0072,-0.0147,-0.8437,0.5366 timestamp: 1512306043868
0.0068,-0.0146,-0.8248,0.5653 timestamp: 1512306043888
0.0063,-0.0144,-0.8043,0.5941 timestamp: 1512306043908
0.0061,-0.0141,-0.7826,0.6223 timestamp: 1512306043928
0.0058,-0.0138,-0.7607,0.6490 timestamp: 1512306043948
0.0056,-0.0137,-0.7380,0.6746 timestamp: 1512306043968
0.0054,-0.0141,-0.7139,0.7001 timestamp: 1512306043989
0.0051,-0.0144,-0.6882,0.7253 timestamp: 1512306044008
0.0049,-0.0144,-0.6618,0.7496 timestamp: 1512306044028
0.0048,-0.0144,-0.6356,0.7719 timestamp: 1512306044048
0.0045,-0.0138,-0.6106,0.7918 timestamp: 1512306044068
0.0044,-0.0139,-0.5856,0.8105 timestamp: 1512306044088
0.0043,-0.0139,-0.5600,0.8284 timestamp: 1512306044108
0.0042,-0.0140,-0.5337,0.8455 timestamp: 1512306044128
0.0039,-0.0140,-0.5070,0.8618 timestamp: 1512306044148
0.0037,-0.0139,-0.4807,0.8767 timestamp: 1512306044168
0.0034,-0.0138,-0.4544,0.8907 timestamp: 1512306044188
0.0031,-0.0137,-0.4280,0.9037 timestamp: 1512306044208
0.0026,-0.0135,-0.4025,0.9153 timestamp: 1512306044228
0.0021,-0.0132,-0.3782,0.9256 timestamp: 1512306044248
0.0017,-0.0129,-0.3548,0.9348 timestamp: 1512306044268
0.0015,-0.0125,-0.3321,0.9432 timestamp: 1512306044288
0.0013,-0.0121,-0.3105,0.9505 timestamp: 1512306044308
0.0011,-0.0117,-0.2895,0.9571 timestamp: 1512306044328
0.0010,-0.0117,-0.2689,0.9631 timestamp: 1512306044348
0.0010,-0.0116,-0.2490,0.9684 timestamp: 1512306044368
0.0007,-0.0116,-0.2298,0.9732 timestamp: 1512306044388
0.0005,-0.0115,-0.2111,0.9774 timestamp: 1512306044408
0.0003,-0.0114,-0.1930,0.9811 timestamp: 1512306044428
0.0002,-0.0112,-0.1757,0.9844 timestamp: 1512306044448
0.0006,-0.0104,-0.1596,0.9871 timestamp: 1512306044468
0.0003,-0.0092,-0.1448,0.9894 timestamp: 1512306044488
0.0006,-0.0086,-0.1304,0.9914 timestamp: 1512306044508
0.0008,-0.0080,-0.1149,0.9933 timestamp: 1512306044528
0.0010,-0.0080,-0.0976,0.9952 timestamp: 1512306044548
0.0008,-0.0076,-0.0792,0.9968 timestamp: 1512306044568
0.0007,-0.0063,-0.0621,0.9980 timestamp: 1512306044588
-0.0010,-0.0053,-0.0479,0.9988 timestamp: 1512306044608
-0.0026,-0.0043,-0.0361,0.9993 timestamp: 1512306044628
-0.0033,-0.0041,-0.0257,0.9996 timestamp: 1512306044648
-0.0039,-0.0040,-0.0163,0.9998 timestamp: 1512306044668
-0.0045,-0.0038,-0.0087,0.9999 timestamp: 1512306044688
-0.0048,-0.0033,-0.0025,1.0000 timestamp: 1512306044708
-0.0051,-0.0027,0.0035,1.0000 timestamp: 1512306044728
-0.0047,-0.0028,0.0097,0.9999 timestamp: 1512306044748
-0.0048,-0.0030,0.0160,0.9998 timestamp: 1512306044768
-0.0048,-0.0031,0.0217,0.9997 timestamp: 1512306044788
-0.0057,-0.0029,0.0259,0.9996 timestamp: 1512306044808
-0.0061,-0.0031,0.0290,0.9995 timestamp: 1512306044828
-0.0065,-0.0032,0.0314,0.9995 timestamp: 1512306044848
-0.0066,-0.0032,0.0331,0.9994 timestamp: 1512306044868
-0.0067,-0.0033,0.0336,0.9994 timestamp: 1512306044888
-0.0067,-0.0033,0.0336,0.9994 timestamp: 1512306044908
-0.0067,-0.0033,0.0336,0.9994 timestamp: 1512306044928
-0.0066,-0.0034,0.0336,0.9994 timestamp: 1512306044948
-0.0066,-0.0034,0.0336,0.9994 timestamp: 1512306044968
-0.0066,-0.0034,0.0336,0.9994 timestamp: 1512306044988
-0.0065,-0.0035,0.0336,0.9994 timestamp: 1512306045008
-0.0065,-0.0035,0.0336,0.9994 timestamp: 1512306045028
-0.0064,-0.0035,0.0336,0.9994 timestamp: 1512306045048
-0.0063,-0.0035,0.0336,0.9994 timestamp: 1512306045067
-0.0063,-0.0036,0.0336,0.9994 timestamp: 1512306045088
-0.0062,-0.0037,0.0336,0.9994 timestamp: 1512306045107
-0.0062,-0.0037,0.0336,0.9994 timestamp: 1512306045128
-0.0062,-0.0037,0.0336,0.9994 timestamp: 1512306045147
-0.0061,-0.0038,0.0336,0.9994 timestamp: 1512306045167
-0.0061,-0.0038,0.0336,0.9994 timestamp: 1512306045189
-0.0060,-0.0038,0.0336,0.9994 timestamp: 1512306045208
-0.0060,-0.0038,0.0336,0.9994 timestamp: 1512306045227
-0.0059,-0.0039,0.0336,0.9994 timestamp: 1512306045250
-0.0059,-0.0039,0.0336,0.9994 timestamp: 1512306045267
-0.0059,-0.0040,0.0336,0.9994 timestamp: 1512306045288
-0.0058,-0.0040,0.0336,0.9994 timestamp: 1512306045308
-0.0058,-0.0041,0.0336,0.9994 timestamp: 1512306045328
-0.0057,-0.0041,0.0336,0.9994 timestamp: 1512306045348
-0.0057,-0.0041,0.0336,0.9994 timestamp: 1512306045368
-0.0056,-0.0041,0.0336,0.9994 timestamp: 1512306045388
-0.0056,-0.0041,0.0336,0.9994 timestamp: 1512306045408
-0.0055,-0.0042,0.0336,0.9994 timestamp: 1512306045427
-0.0055,-0.0042,0.0336,0.9994 timestamp: 1512306045448
-0.0054,-0.0042,0.0336,0.9994 timestamp: 1512306045467
-0.0054,-0.0043,0.0336,0.9994 timestamp: 1512306045487
-0.0054,-0.0043,0.0336,0.9994 timestamp: 1512306045507
-0.0054,-0.0043,0.0336,0.9994 timestamp: 1512306045527
-0.0053,-0.0043,0.0336,0.9994 timestamp: 1512306045547
-0.0053,-0.0044,0.0336,0.9994 timestamp: 1512306045567
-0.0053,-0.0044,0.0336,0.9994 timestamp: 1512306045587
-0.0052,-0.0045,0.0336,0.9994 timestamp: 1512306045607
-0.0052,-0.0045,0.0336,0.9994 timestamp: 1512306045627
-0.0051,-0.0045,0.0336,0.9994 timestamp: 1512306045647
-0.0051,-0.0046,0.0336,0.9994 timestamp: 1512306045667
-0.0051,-0.0046,0.0336,0.9994 timestamp: 1512306045687
-0.0050,-0.0046,0.0336,0.9994 timestamp: 1512306045707
-0.0050,-0.0047,0.0336,0.9994 timestamp: 1512306045727
-0.0050,-0.0047,0.0336,0.9994 timestamp: 1512306045747
-0.0049,-0.0047,0.0336,0.9994 timestamp: 1512306045767
