-0.0010,-0.0072,-0.0128,-0.9999 timestamp: 1512306056986
-0.0009,-0.0071,-0.0128,-0.9999 timestamp: 1512306057001
-0.0009,-0.0071,-0.0128,-0.9999 timestamp: 1512306057021
-0.0009,-0.0071,-0.0128,-0.9999 timestamp: 1512306057041
-0.0009,-0.0072,-0.0128,-0.9999 timestamp: 1512306057061
-0.0009,-0.0072,-0.0128,-0.9999 timestamp: 1512306057081
-0.0009,-0.0072,-0.0128,-0.9999 timestamp: 1512306057101
-0.0009,-0.0072,-0.0128,-0.9999 timestamp: 1512306057121
-0.0009,-0.0072,-0.0128,-0.9999 timestamp: 1512306057141
-0.0009,-0.0072,-0.0128,-0.9999 timestamp: 1512306057161
-0.0008,-0.0072,-0.0128,-0.9999 timestamp: 1512306057182
-0.0008,-0.0072,-0.0128,-0.9999 timestamp: 1512306057201
-0.0008,-0.0072,-0.0128,-0.9999 timestamp: 1512306057221
-0.0008,-0.0072,-0.0128,-0.9999 timestamp: 1512306057241
-0.0007,-0.0072,-0.0128,-0.9999 timestamp: 1512306057261
-0.0007,-0.0072,-0.0128,-0.9999 timestamp: 1512306057282
-0.0007,-0.0072,-0.0128,-0.9999 timestamp: 1512306057301
-0.0007,-0.0072,-0.0128,-0.9999 timestamp: 1512306057321
-0.0007,-0.0072,-0.0128,-0.9999 timestamp: 1512306057341
-0.0007,-0.0072,-0.0128,-0.9999 timestamp: 1512306057361
-0.0006,-0.0072,-0.0128,-0.9999 timestamp: 1512306057381
-0.0006,-0.0072,-0.0128,-0.9999 timestamp: 1512306057401
-0.0006,-0.0072,-0.0128,-0.9999 timestamp: 1512306057421
-0.0005,-0.0074,-0.0126,-0.9999 timestamp: 1512306057441
-0.0005,-0.0076,-0.0103,-0.9999 timestamp: 1512306057461
0.0007,-0.0089,-0.0051,-0.9999 timestamp: 1512306057481
0.0015,-0.0090,0.0020,-1.0000 timestamp: 1512306057501
0.0022,-0.0092,0.0097,-0.9999 timestamp: 1512306057521
0.0027,-0.0089,0.0178,-0.9998 timestamp: 1512306057542
0.0024,-0.0091,0.0266,-0.9996 timestamp: 1512306057561
0.0021,-0.0093,0.0366,-0.9993 timestamp: 1512306057581
0.0022,-0.0104,0.0490,-0.9987 timestamp: 1512306057601
0.0023,-0.0114,0.0635,-0.9979 timestamp: 1512306057621
0.0024,-0.0121,0.0793,-0.9968 timestamp: 1512306057641
0.0025,-0.0125,0.0961,-0.9953 timestamp: 1512306057661
0.0023,-0.0126,0.1142,-0.9934 timestamp: 1512306057683
0.0023,-0.0127,0.1337,-0.9909 timestamp: 1512306057701
0.0021,-0.0127,0.1547,-0.9879 timestamp: 1512306057721
0.0020,-0.0127,0.1765,-0.9842 timestamp: 1512306057742
0.0017,-0.0125,0.1987,-0.9800 timestamp: 1512306057761
0.0015,-0.0123,0.2209,-0.9752 timestamp: 1512306057781
0.0012,-0.0122,0.2439,-0.9697 timestamp: 1512306057801
0.0009,-0.0121,0.2673,-0.9635 timestamp: 1512306057821
0.0005,-0.0120,0.2903,-0.9568 timestamp: 1512306057841
0.0001,-0.0119,0.3127,-0.9498 timestamp: 1512306057861
-0.0004,-0.0118,0.3351,-0.9421 timestamp: 1512306057864
-0.0006,-0.0117,0.3576,-0.9338 timestamp: 1512306057901
-0.0008,-0.0114,0.3804,-0.9247 timestamp: 1512306057920
-0.0009,-0.0112,0.4032,-0.9150 timestamp: 1512306057941
-0.0012,-0.0109,0.4257,-0.9048 timestamp: 1512306057961
-0.0016,-0.0107,0.4475,-0.8942 timestamp: 1512306057981
-0.0019,-0.0106,0.4689,-0.8832 timestamp: 1512306058000
-0.0022,-0.0104,0.4904,-0.8714 timestamp: 1512306058020
-0.0025,-0.0102,0.5123,-0.8587 timestamp: 1512306058042
-0.0028,-0.0102,0.5344,-0.8452 timestamp: 1512306058061
-0.0029,-0.0103,0.5572,-0.8303 timestamp: 1512306058081
-0.0030,-0.0103,0.5808,-0.8139 timestamp: 1512306058101
-0.0032,-0.0101,0.6042,-0.7967 timestamp: 1512306058121
-0.0034,-0.0099,0.6266,-0.7792 timestamp: 1512306058141
-0.0039,-0.0095,0.6477,-0.7618 timestamp: 1512306058161
-0.0045,-0.0090,0.6678,-0.7442 timestamp: 1512306058181
-0.0050,-0.0085,0.6875,-0.7261 timestamp: 1512306058185
-0.0054,-0.0081,0.7067,-0.7075 timestamp: 1512306058220
-0.0057,-0.0077,0.7250,-0.6887 timestamp: 1512306058240
-0.0061,-0.0074,0.7429,-0.6693 timestamp: 1512306058260
-0.0063,-0.0070,0.7603,-0.6495 timestamp: 1512306058280
-0.0066,-0.0066,0.7772,-0.6292 timestamp: 1512306058300
-0.0069,-0.0061,0.7937,-0.6082 timestamp: 1512306058321
-0.0072,-0.0058,0.8099,-0.5864 timestamp: 1512306058340
-0.0075,-0.0055,0.8256,-0.5641 timestamp: 1512306058361
-0.0077,-0.0051,0.8408,-0.5412 timestamp: 1512306058380
-0.0079,-0.0047,0.8554,-0.5179 timestamp: 1512306058400
-0.0082,-0.0044,0.8692,-0.4945 timestamp: 1512306058421
-0.0084,-0.0040,0.8822,-0.4707 timestamp: 1512306058440
-0.0086,-0.0036,0.8947,-0.4466 timestamp: 1512306058460
-0.0088,-0.0032,0.9065,-0.4221 timestamp: 1512306058480
-0.0090,-0.0028,0.9175,-0.3975 timestamp: 1512306058501
-0.0092,-0.0025,0.9278,-0.3731 timestamp: 1512306058520
-0.0094,-0.0022,0.9372,-0.3486 timestamp: 1512306058540
-0.0096,-0.0019,0.9460,-0.3240 timestamp: 1512306058560
-0.0098,-0.0016,0.9541,-0.2992 timestamp: 1512306058580
-0.0102,-0.0011,0.9614,-0.2750 timestamp: 1512306058600
-0.0106,-0.0007,0.9677,-0.2520 timestamp: 1512306058620
-0.0109,-0.0004,0.9732,-0.2295 timestamp: 1512306058641
-0.0111,-0.0002,0.9782,-0.2072 timestamp: 1512306058666
-0.0113,0.0000,0.9825,-0.1861 timestamp: 1512306058680
-0.0118,0.0000,0.9858,-0.1674 timestamp: 1512306058700
-0.0134,-0.0004,0.9883,-0.1518 timestamp: 1512306058720
-0.0151,-0.0007,0.9902,-0.1385 timestamp: 1512306058740
-0.0159,-0.0008,0.9918,-0.1269 timestamp: 1512306058760
-0.0167,-0.0009,0.9930,-0.1171 timestamp: 1512306058780
-0.0177,-0.0011,0.9938,-0.1101 timestamp: 1512306058800
-0.0187,-0.0013,0.9944,-0.1044 timestamp: 1512306058820
-0.0187,-0.0010,0.9949,-0.0989 timestamp: 1512306058841
-0.0180,-0.0005,0.9956,-0.0925 timestamp: 1512306058860
-0.0173,-0.0001,0.9962,-0.0853 timestamp: 1512306058880
-0.0175,0.0000,0.9968,-0.0785 timestamp: 1512306058883
-0.0180,0.0004,0.9972,-0.0729 timestamp: 1512306058920
-0.0185,0.0007,0.9975,-0.0678 timestamp: 1512306058940
-0.0181,0.0012,0.9979,-0.0625 timestamp: 1512306058960
-0.0177,0.0016,0.9983,-0.0562 timestamp: 1512306058980
-0.0175,0.0022,0.9986,-0.0500 timestamp: 1512306059000
-0.0179,0.0019,0.9988,-0.0453 timestamp: 1512306059020
-0.0182,0.0015,0.9989,-0.0422 timestamp: 1512306059041
-0.0181,0.0015,0.9990,-0.0398 timestamp: 1512306059060
-0.0180,0.0014,0.9991,-0.0376 timestamp: 1512306059080
-0.0176,0.0014,0.9992,-0.0351 timestamp: 1512306059100
-0.0175,0.0016,0.9993,-0.0326 timestamp: 1512306059120
-0.0175,0.0017,0.9994,-0.0315 timestamp: 1512306059140
-0.0176,0.0016,0.9993,-0.0315 timestamp: 1512306059160
-0.0175,0.0017,0.9993,-0.0315 timestamp: 1512306059180
-0.0175,0.0017,0.9994,-0.0315 timestamp: 1512306059200
-0.0175,0.0018,0.9994,-0.0315 timestamp: 1512306059220
-0.0174,0.0018,0.9994,-0.0314 timestamp: 1512306059240
-0.0174,0.0018,0.9994,-0.0314 timestamp: 1512306059261
-0.0173,0.0019,0.9994,-0.0314 timestamp: 1512306059281
-0.0173,0.0019,0.9994,-0.0314 timestamp: 1512306059301
-0.0172,0.0019,0.9994,-0.0314 timestamp: 1512306059320
-0.0172,0.0019,0.9994,-0.0314 timestamp: 1512306059340
-0.0172,0.0019,0.9994,-0.0314 timestamp: 1512306059360
-0.0171,0.0020,0.9994,-0.0314 timestamp: 1512306059380
-0.0171,0.0020,0.9994,-0.0314 timestamp: 1512306059403
-0.0171,0.0020,0.9994,-0.0314 timestamp: 1512306059420
-0.0170,0.0021,0.9994,-0.0314 timestamp: 1512306059440
-0.0170,0.0021,0.9994,-0.0314 timestamp: 1512306059460
-0.0170,0.0021,0.9994,-0.0314 timestamp: 1512306059480
-0.0169,0.0021,0.9994,-0.0314 timestamp: 1512306059500
-0.0169,0.0021,0.9994,-0.0314 timestamp: 1512306059520
-0.0169,0.0022,0.9994,-0.0314 timestamp: 1512306059540
-0.0169,0.0022,0.9994,-0.0314 timestamp: 1512306059560
-0.0168,0.0022,0.9994,-0.0314 timestamp: 1512306059580
-0.0168,0.0023,0.9994,-0.0314 timestamp: 1512306059600
-0.0168,0.0023,0.9994,-0.0314 timestamp: 1512306059620
-0.0167,0.0023,0.9994,-0.0314 timestamp: 1512306059640
-0.0167,0.0023,0.9994,-0.0314 timestamp: 1512306059660
-0.0167,0.0023,0.9994,-0.0314 timestamp: 1512306059680
-0.0166,0.0024,0.9994,-0.0314 timestamp: 1512306059700
-0.0166,0.0024,0.9994,-0.0314 timestamp: 1512306059720
-0.0166,0.0024,0.9994,-0.0314 timestamp: 1512306059740
-0.0166,0.0024,0.9994,-0.0314 timestamp: 1512306059760
-0.0163,0.0028,0.9994,-0.0310 timestamp: 1512306059780
-0.0152,0.0040,0.9995,-0.0290 timestamp: 1512306059800
-0.0140,0.0052,0.9996,-0.0244 timestamp: 1512306059819
-0.0125,0.0065,0.9998,-0.0172 timestamp: 1512306059841
-0.0120,0.0070,0.9999,-0.0085 timestamp: 1512306059859
0.0114,-0.0075,-0.9999,0.0012 timestamp: 1512306059880
0.0109,-0.0079,-0.9998,0.0120 timestamp: 1512306059900
0.0104,-0.0083,-0.9996,0.0241 timestamp: 1512306059920
0.0097,-0.0094,-0.9992,0.0381 timestamp: 1512306059939
0.0094,-0.0107,-0.9985,0.0537 timestamp: 1512306059960
0.0090,-0.0119,-0.9974,0.0703 timestamp: 1512306059980
0.0094,-0.0123,-0.9960,0.0875 timestamp: 1512306060000
0.0098,-0.0126,-0.9944,0.1044 timestamp: 1512306060019
0.0104,-0.0127,-0.9926,0.1204 timestamp: 1512306060040
0.0097,-0.0135,-0.9905,0.1368 timestamp: 1512306060060
0.0094,-0.0137,-0.9878,0.1549 timestamp: 1512306060079
0.0090,-0.0139,-0.9846,0.1740 timestamp: 1512306060099
0.0089,-0.0140,-0.9810,0.1931 timestamp: 1512306060119
0.0088,-0.0140,-0.9772,0.2118 timestamp: 1512306060139
0.0087,-0.0140,-0.9730,0.2304 timestamp: 1512306060159
0.0086,-0.0139,-0.9682,0.2497 timestamp: 1512306060179
0.0083,-0.0143,-0.9627,0.2702 timestamp: 1512306060199
0.0080,-0.0145,-0.9565,0.2914 timestamp: 1512306060219
0.0077,-0.0148,-0.9496,0.3130 timestamp: 1512306060240
0.0073,-0.0147,-0.9422,0.3346 timestamp: 1512306060260
0.0069,-0.0145,-0.9343,0.3561 timestamp: 1512306060279
0.0065,-0.0145,-0.9258,0.3777 timestamp: 1512306060299
0.0064,-0.0147,-0.9167,0.3992 timestamp: 1512306060320
0.0062,-0.0148,-0.9068,0.4212 timestamp: 1512306060339
0.0060,-0.0149,-0.8961,0.4436 timestamp: 1512306060359
0.0058,-0.0151,-0.8844,0.4665 timestamp: 1512306060380
0.0056,-0.0152,-0.8716,0.4899 timestamp: 1512306060400
0.0053,-0.0152,-0.8580,0.5133 timestamp: 1512306060420
0.0050,-0.0151,-0.8440,0.5361 timestamp: 1512306060439
0.0047,-0.0150,-0.8293,0.5586 timestamp: 1512306060459
0.0046,-0.0151,-0.8138,0.5810 timestamp: 1512306060480
0.0044,-0.0153,-0.7975,0.6031 timestamp: 1512306060499
0.0042,-0.0153,-0.7808,0.6246 timestamp: 1512306060519
0.0039,-0.0156,-0.7635,0.6457 timestamp: 1512306060539
0.0036,-0.0159,-0.7446,0.6673 timestamp: 1512306060559
0.0033,-0.0160,-0.7245,0.6891 timestamp: 1512306060580
0.0031,-0.0161,-0.7041,0.7099 timestamp: 1512306060599
0.0029,-0.0161,-0.6836,0.7296 timestamp: 1512306060620
0.0028,-0.0159,-0.6631,0.7483 timestamp: 1512306060639
0.0028,-0.0157,-0.6431,0.7656 timestamp: 1512306060659
0.0027,-0.0155,-0.6235,0.7817 timestamp: 1512306060679
0.0026,-0.0153,-0.6034,0.7972 timestamp: 1512306060699
0.0024,-0.0152,-0.5825,0.8127 timestamp: 1512306060719
0.0022,-0.0152,-0.5605,0.8280 timestamp: 1512306060739
0.0019,-0.0151,-0.5376,0.8431 timestamp: 1512306060759
0.0017,-0.0151,-0.5139,0.8577 timestamp: 1512306060779
0.0012,-0.0149,-0.4906,0.8713 timestamp: 1512306060799
0.0008,-0.0146,-0.4678,0.8837 timestamp: 1512306060819
0.0004,-0.0146,-0.4450,0.8954 timestamp: 1512306060839
0.0000,-0.0145,-0.4217,0.9066 timestamp: 1512306060859
-0.0003,-0.0143,-0.3980,0.9173 timestamp: 1512306060879
-0.0006,-0.0142,-0.3743,0.9272 timestamp: 1512306060899
-0.0008,-0.0140,-0.3513,0.9362 timestamp: 1512306060920
-0.0010,-0.0138,-0.3294,0.9441 timestamp: 1512306060939
-0.0012,-0.0135,-0.3089,0.9510 timestamp: 1512306060959
-0.0014,-0.0131,-0.2900,0.9569 timestamp: 1512306060979
-0.0017,-0.0126,-0.2725,0.9621 timestamp: 1512306060999
-0.0021,-0.0109,-0.2562,0.9666 timestamp: 1512306061019
-0.0025,-0.0101,-0.2406,0.9706 timestamp: 1512306061039
-0.0027,-0.0094,-0.2258,0.9741 timestamp: 1512306061059
-0.0027,-0.0088,-0.2118,0.9773 timestamp: 1512306061079
-0.0021,-0.0087,-0.1980,0.9802 timestamp: 1512306061099
-0.0014,-0.0086,-0.1838,0.9829 timestamp: 1512306061119
-0.0012,-0.0080,-0.1700,0.9854 timestamp: 1512306061139
-0.0016,-0.0069,-0.1578,0.9874 timestamp: 1512306061159
-0.0021,-0.0059,-0.1471,0.9891 timestamp: 1512306061179
-0.0021,-0.0054,-0.1374,0.9905 timestamp: 1512306061199
-0.0022,-0.0050,-0.1287,0.9917 timestamp: 1512306061220
-0.0024,-0.0048,-0.1202,0.9927 timestamp: 1512306061239
-0.0022,-0.0050,-0.1114,0.9937 timestamp: 1512306061259
-0.0019,-0.0052,-0.1028,0.9947 timestamp: 1512306061279
-0.0018,-0.0049,-0.0951,0.9955 timestamp: 1512306061299
-0.0023,-0.0048,-0.0884,0.9961 timestamp: 1512306061322
-0.0028,-0.0047,-0.0823,0.9966 timestamp: 1512306061339
-0.0030,-0.0047,-0.0767,0.9970 timestamp: 1512306061359
-0.0032,-0.0046,-0.0721,0.9974 timestamp: 1512306061379
-0.0039,-0.0040,-0.0692,0.9976 timestamp: 1512306061399
-0.0046,-0.0035,-0.0681,0.9977 timestamp: 1512306061419
-0.0052,-0.0031,-0.0679,0.9977 timestamp: 1512306061439
-0.0048,-0.0034,-0.0673,0.9977 timestamp: 1512306061459
-0.0044,-0.0038,-0.0656,0.9978 timestamp: 1512306061479
-0.0037,-0.0044,-0.0631,0.9980 timestamp: 1512306061499
-0.0044,-0.0034,-0.0617,0.9981 timestamp: 1512306061519
-0.0046,-0.0031,-0.0617,0.9981 timestamp: 1512306061539
-0.0046,-0.0032,-0.0617,0.9981 timestamp: 1512306061559
-0.0046,-0.0032,-0.0617,0.9981 timestamp: 1512306061579
-0.0045,-0.0033,-0.0617,0.9981 timestamp: 1512306061599
-0.0045,-0.0033,-0.0617,0.9981 timestamp: 1512306061619
-0.0045,-0.0033,-0.0617,0.9981 timestamp: 1512306061639
-0.0045,-0.0034,-0.0617,0.9981 timestamp: 1512306061659
-0.0044,-0.0034,-0.0617,0.9981 timestamp: 1512306061679
-0.0044,-0.0033,-0.0617,0.9981 timestamp: 1512306061699
-0.0043,-0.0034,-0.0617,0.9981 timestamp: 1512306061719
-0.0043,-0.0034,-0.0617,0.9981 timestamp: 1512306061739
-0.0043,-0.0035,-0.0617,0.9981 timestamp: 1512306061759
-0.0043,-0.0035,-0.0617,0.9981 timestamp: 1512306061779
-0.0043,-0.0035,-0.0617,0.9981 timestamp: 1512306061799
-0.0043,-0.0036,-0.0617,0.9981 timestamp: 1512306061819
-0.0042,-0.0036,-0.0617,0.9981 timestamp: 1512306061839
-0.0042,-0.0036,-0.0617,0.9981 timestamp: 1512306061859
-0.0042,-0.0036,-0.0617,0.9981 timestamp: 1512306061879
-0.0041,-0.0037,-0.0617,0.9981 timestamp: 1512306061898
-0.0041,-0.0037,-0.0617,0.9981 timestamp: 1512306061918
-0.0041,-0.0037,-0.0617,0.9981 timestamp: 1512306061938
-0.0041,-0.0038,-0.0617,0.9981 timestamp: 1512306061959
-0.0040,-0.0039,-0.0617,0.9981 timestamp: 1512306061978
-0.0040,-0.0039,-0.0617,0.9981 timestamp: 1512306061998
-0.0040,-0.0039,-0.0617,0.9981 timestamp: 1512306062018
-0.0039,-0.0039,-0.0617,0.9981 timestamp: 1512306062038
-0.0039,-0.0039,-0.0617,0.9981 timestamp: 1512306062058
-0.0039,-0.0039,-0.0617,0.9981 timestamp: 1512306062078
-0.0038,-0.0040,-0.0617,0.9981 timestamp: 1512306062098
-0.0038,-0.0040,-0.0617,0.9981 timestamp: 1512306062118
-0.0038,-0.0040,-0.0617,0.9981 timestamp: 1512306062138
-0.0038,-0.0041,-0.0617,0.9981 timestamp: 1512306062158
-0.0037,-0.0041,-0.0617,0.9981 timestamp: 1512306062178
-0.0037,-0.0041,-0.0617,0.9981 timestamp: 1512306062198
-0.0037,-0.0042,-0.0617,0.9981 timestamp: 1512306062218
-0.0037,-0.0042,-0.0617,0.9981 timestamp: 1512306062238
-0.0036,-0.0042,-0.0617,0.9981 timestamp: 1512306062258
-0.0036,-0.0042,-0.0617,0.9981 timestamp: 1512306062278
-0.0035,-0.0043,-0.0617,0.9981 timestamp: 1512306062298
-0.0035,-0.0043,-0.0617,0.9981 timestamp: 1512306062318
