-0.0008,-0.0068,-0.0618,0.9981 timestamp: 1512306065461
-0.0008,-0.0069,-0.0618,0.9981 timestamp: 1512306065477
-0.0008,-0.0069,-0.0618,0.9981 timestamp: 1512306065499
-0.0008,-0.0069,-0.0618,0.9981 timestamp: 1512306065517
-0.0008,-0.0069,-0.0618,0.9981 timestamp: 1512306065540
-0.0008,-0.0070,-0.0618,0.9981 timestamp: 1512306065559
-0.0008,-0.0070,-0.0618,0.9981 timestamp: 1512306065610
-0.0008,-0.0070,-0.0618,0.9981 timestamp: 1512306065613
-0.0007,-0.0070,-0.0618,0.9981 timestamp: 1512306065616
-0.0007,-0.0070,-0.0618,0.9981 timestamp: 1512306065639
-0.0007,-0.0070,-0.0618,0.9981 timestamp: 1512306065658
-0.0007,-0.0070,-0.0618,0.9981 timestamp: 1512306065680
-0.0008,-0.0070,-0.0618,0.9981 timestamp: 1512306065696
-0.0008,-0.0070,-0.0618,0.9981 timestamp: 1512306065716
-0.0007,-0.0070,-0.0618,0.9981 timestamp: 1512306065737
-0.0007,-0.0070,-0.0618,0.9981 timestamp: 1512306065757
-0.0007,-0.0070,-0.0618,0.9981 timestamp: 1512306065777
-0.0007,-0.0071,-0.0618,0.9981 timestamp: 1512306065796
-0.0007,-0.0071,-0.0618,0.9981 timestamp: 1512306065816
-0.0007,-0.0071,-0.0618,0.9981 timestamp: 1512306065836
-0.0007,-0.0071,-0.0618,0.9981 timestamp: 1512306065856
-0.0007,-0.0071,-0.0618,0.9981 timestamp: 1512306065876
-0.0007,-0.0072,-0.0618,0.9981 timestamp: 1512306065896
-0.0007,-0.0072,-0.0618,0.9981 timestamp: 1512306065916
-0.0006,-0.0072,-0.0618,0.9981 timestamp: 1512306065936
-0.0002,-0.0078,-0.0611,0.9981 timestamp: 1512306065956
0.0001,-0.0084,-0.0583,0.9983 timestamp: 1512306065976
0.0009,-0.0098,-0.0530,0.9985 timestamp: 1512306065996
0.0008,-0.0097,-0.0468,0.9989 timestamp: 1512306066016
0.0007,-0.0096,-0.0401,0.9991 timestamp: 1512306066036
0.0006,-0.0098,-0.0330,0.9994 timestamp: 1512306066056
0.0005,-0.0099,-0.0250,0.9996 timestamp: 1512306066076
0.0015,-0.0103,-0.0147,0.9998 timestamp: 1512306066096
0.0033,-0.0113,-0.0014,0.9999 timestamp: 1512306066116
0.0050,-0.0123,0.0145,0.9998 timestamp: 1512306066136
0.0048,-0.0124,0.0320,0.9994 timestamp: 1512306066156
0.0046,-0.0125,0.0511,0.9986 timestamp: 1512306066176
0.0043,-0.0125,0.0715,0.9973 timestamp: 1512306066196
0.0040,-0.0127,0.0930,0.9956 timestamp: 1512306066216
0.0036,-0.0128,0.1157,0.9932 timestamp: 1512306066236
0.0033,-0.0128,0.1388,0.9902 timestamp: 1512306066256
0.0030,-0.0128,0.1617,0.9868 timestamp: 1512306066276
0.0027,-0.0128,0.1852,0.9826 timestamp: 1512306066296
0.0025,-0.0129,0.2102,0.9776 timestamp: 1512306066316
0.0023,-0.0129,0.2365,0.9715 timestamp: 1512306066336
0.0021,-0.0128,0.2634,0.9646 timestamp: 1512306066356
0.0017,-0.0127,0.2905,0.9568 timestamp: 1512306066376
0.0013,-0.0126,0.3174,0.9482 timestamp: 1512306066396
0.0009,-0.0125,0.3443,0.9388 timestamp: 1512306066416
0.0006,-0.0124,0.3712,0.9285 timestamp: 1512306066436
0.0003,-0.0122,0.3982,0.9172 timestamp: 1512306066456
0.0000,-0.0122,0.4259,0.9047 timestamp: 1512306066477
-0.0003,-0.0121,0.4542,0.8908 timestamp: 1512306066496
-0.0008,-0.0120,0.4823,0.8759 timestamp: 1512306066516
-0.0013,-0.0117,0.5098,0.8602 timestamp: 1512306066536
-0.0018,-0.0114,0.5371,0.8434 timestamp: 1512306066556
-0.0023,-0.0110,0.5638,0.8258 timestamp: 1512306066578
-0.0028,-0.0106,0.5899,0.8074 timestamp: 1512306066596
-0.0031,-0.0103,0.6155,0.7881 timestamp: 1512306066616
-0.0035,-0.0099,0.6407,0.7677 timestamp: 1512306066636
-0.0038,-0.0095,0.6653,0.7465 timestamp: 1512306066656
-0.0043,-0.0090,0.6890,0.7247 timestamp: 1512306066676
-0.0046,-0.0084,0.7116,0.7025 timestamp: 1512306066696
-0.0048,-0.0079,0.7332,0.6799 timestamp: 1512306066716
-0.0052,-0.0073,0.7538,0.6570 timestamp: 1512306066736
-0.0057,-0.0067,0.7737,0.6335 timestamp: 1512306066756
-0.0059,-0.0062,0.7930,0.6091 timestamp: 1512306066776
-0.0062,-0.0057,0.8117,0.5840 timestamp: 1512306066796
-0.0064,-0.0052,0.8300,0.5577 timestamp: 1512306066816
-0.0065,-0.0047,0.8480,0.5299 timestamp: 1512306066836
-0.0065,-0.0042,0.8650,0.5017 timestamp: 1512306066857
-0.0072,-0.0039,0.8801,0.4747 timestamp: 1512306066876
-0.0078,-0.0037,0.8934,0.4491 timestamp: 1512306066896
-0.0083,-0.0035,0.9055,0.4244 timestamp: 1512306066916
-0.0086,-0.0031,0.9162,0.4007 timestamp: 1512306066936
-0.0087,-0.0027,0.9258,0.3779 timestamp: 1512306066956
-0.0089,-0.0024,0.9348,0.3550 timestamp: 1512306066976
-0.0090,-0.0021,0.9434,0.3315 timestamp: 1512306066996
-0.0092,-0.0018,0.9512,0.3083 timestamp: 1512306067016
-0.0094,-0.0016,0.9584,0.2854 timestamp: 1512306067036
-0.0096,-0.0015,0.9647,0.2632 timestamp: 1512306067056
-0.0098,-0.0013,0.9703,0.2418 timestamp: 1512306067076
-0.0100,-0.0012,0.9752,0.2209 timestamp: 1512306067096
-0.0101,-0.0010,0.9796,0.2006 timestamp: 1512306067116
-0.0103,-0.0007,0.9834,0.1812 timestamp: 1512306067136
-0.0107,-0.0005,0.9865,0.1631 timestamp: 1512306067156
-0.0122,0.0000,0.9891,0.1467 timestamp: 1512306067176
-0.0133,0.0001,0.9912,0.1319 timestamp: 1512306067196
-0.0136,-0.0003,0.9929,0.1184 timestamp: 1512306067216
-0.0139,-0.0008,0.9942,0.1062 timestamp: 1512306067236
-0.0145,-0.0010,0.9954,0.0952 timestamp: 1512306067256
-0.0151,-0.0012,0.9962,0.0858 timestamp: 1512306067276
-0.0160,-0.0009,0.9969,0.0777 timestamp: 1512306067296
-0.0173,-0.0009,0.9973,0.0714 timestamp: 1512306067316
-0.0186,-0.0009,0.9975,0.0677 timestamp: 1512306067336
-0.0203,-0.0010,0.9976,0.0666 timestamp: 1512306067355
-0.0202,-0.0009,0.9976,0.0666 timestamp: 1512306067375
-0.0201,-0.0009,0.9976,0.0666 timestamp: 1512306067395
-0.0201,-0.0008,0.9976,0.0666 timestamp: 1512306067416
-0.0200,-0.0008,0.9976,0.0666 timestamp: 1512306067436
-0.0200,-0.0007,0.9976,0.0666 timestamp: 1512306067455
-0.0200,-0.0007,0.9976,0.0666 timestamp: 1512306067475
-0.0199,-0.0006,0.9976,0.0666 timestamp: 1512306067495
-0.0198,-0.0005,0.9976,0.0666 timestamp: 1512306067515
-0.0198,-0.0004,0.9976,0.0666 timestamp: 1512306067535
-0.0197,-0.0004,0.9976,0.0666 timestamp: 1512306067555
-0.0196,-0.0004,0.9976,0.0666 timestamp: 1512306067575
-0.0195,-0.0004,0.9976,0.0666 timestamp: 1512306067595
-0.0195,-0.0003,0.9976,0.0666 timestamp: 1512306067615
-0.0195,-0.0003,0.9976,0.0666 timestamp: 1512306067635
-0.0195,-0.0003,0.9976,0.0666 timestamp: 1512306067655
-0.0194,-0.0002,0.9976,0.0666 timestamp: 1512306067676
-0.0194,-0.0001,0.9976,0.0666 timestamp: 1512306067695
-0.0193,-0.0000,0.9976,0.0666 timestamp: 1512306067716
-0.0193,0.0000,0.9976,0.0666 timestamp: 1512306067735
-0.0192,0.0001,0.9976,0.0666 timestamp: 1512306067756
-0.0191,0.0001,0.9976,0.0666 timestamp: 1512306067775
-0.0190,0.0001,0.9976,0.0666 timestamp: 1512306067795
-0.0190,0.0001,0.9976,0.0666 timestamp: 1512306067815
-0.0189,0.0002,0.9976,0.0666 timestamp: 1512306067835
-0.0189,0.0002,0.9976,0.0666 timestamp: 1512306067855
-0.0188,0.0003,0.9976,0.0666 timestamp: 1512306067875
-0.0188,0.0004,0.9976,0.0666 timestamp: 1512306067895
-0.0187,0.0004,0.9976,0.0666 timestamp: 1512306067915
-0.0186,0.0004,0.9976,0.0666 timestamp: 1512306067935
-0.0186,0.0004,0.9976,0.0666 timestamp: 1512306067955
-0.0185,0.0004,0.9976,0.0666 timestamp: 1512306067975
-0.0185,0.0005,0.9976,0.0666 timestamp: 1512306067995
-0.0185,0.0005,0.9976,0.0666 timestamp: 1512306068015
-0.0184,0.0006,0.9976,0.0666 timestamp: 1512306068035
-0.0184,0.0006,0.9976,0.0666 timestamp: 1512306068055
-0.0183,0.0007,0.9976,0.0666 timestamp: 1512306068075
-0.0183,0.0008,0.9976,0.0666 timestamp: 1512306068095
-0.0183,0.0008,0.9976,0.0666 timestamp: 1512306068115
-0.0182,0.0008,0.9976,0.0666 timestamp: 1512306068137
-0.0176,0.0013,0.9976,0.0663 timestamp: 1512306068155
-0.0169,0.0019,0.9978,0.0647 timestamp: 1512306068175
-0.0161,0.0032,0.9980,0.0615 timestamp: 1512306068195
-0.0152,0.0045,0.9983,0.0568 timestamp: 1512306068215
-0.0150,0.0049,0.9985,0.0525 timestamp: 1512306068235
-0.0151,0.0047,0.9987,0.0491 timestamp: 1512306068255
-0.0152,0.0045,0.9989,0.0452 timestamp: 1512306068275
-0.0146,0.0050,0.9991,0.0400 timestamp: 1512306068295
-0.0139,0.0054,0.9993,0.0334 timestamp: 1512306068315
-0.0133,0.0059,0.9996,0.0252 timestamp: 1512306068335
-0.0124,0.0070,0.9998,0.0146 timestamp: 1512306068355
-0.0115,0.0081,0.9999,0.0012 timestamp: 1512306068375
0.0101,-0.0098,-0.9998,-0.0146 timestamp: 1512306068395
0.0097,-0.0100,-0.9994,-0.0322 timestamp: 1512306068415
0.0092,-0.0102,-0.9986,-0.0507 timestamp: 1512306068435
0.0090,-0.0103,-0.9975,-0.0695 timestamp: 1512306068455
0.0087,-0.0104,-0.9959,-0.0895 timestamp: 1512306068475
0.0083,-0.0109,-0.9937,-0.1114 timestamp: 1512306068495
0.0080,-0.0112,-0.9907,-0.1351 timestamp: 1512306068515
0.0077,-0.0116,-0.9870,-0.1600 timestamp: 1512306068535
0.0075,-0.0119,-0.9825,-0.1855 timestamp: 1512306068555
0.0076,-0.0121,-0.9774,-0.2110 timestamp: 1512306068575
0.0076,-0.0124,-0.9715,-0.2367 timestamp: 1512306068595
0.0073,-0.0127,-0.9646,-0.2634 timestamp: 1512306068615
0.0070,-0.0131,-0.9563,-0.2920 timestamp: 1512306068635
0.0066,-0.0134,-0.9468,-0.3215 timestamp: 1512306068655
0.0063,-0.0136,-0.9361,-0.3513 timestamp: 1512306068675
0.0060,-0.0137,-0.9239,-0.3823 timestamp: 1512306068695
0.0058,-0.0139,-0.9105,-0.4133 timestamp: 1512306068715
0.0056,-0.0140,-0.8961,-0.4435 timestamp: 1512306068735
0.0057,-0.0142,-0.8809,-0.4730 timestamp: 1512306068755
0.0057,-0.0142,-0.8650,-0.5015 timestamp: 1512306068775
0.0057,-0.0143,-0.8478,-0.5300 timestamp: 1512306068795
0.0054,-0.0146,-0.8292,-0.5588 timestamp: 1512306068815
0.0053,-0.0147,-0.8095,-0.5869 timestamp: 1512306068835
0.0052,-0.0148,-0.7892,-0.6139 timestamp: 1512306068855
0.0050,-0.0148,-0.7682,-0.6400 timestamp: 1512306068879
0.0049,-0.0148,-0.7469,-0.6648 timestamp: 1512306068896
0.0048,-0.0146,-0.7253,-0.6882 timestamp: 1512306068905
0.0045,-0.0144,-0.7035,-0.7105 timestamp: 1512306068935
0.0041,-0.0142,-0.6816,-0.7316 timestamp: 1512306068955
0.0038,-0.0141,-0.6594,-0.7516 timestamp: 1512306068975
0.0038,-0.0141,-0.6362,-0.7714 timestamp: 1512306068995
0.0038,-0.0142,-0.6113,-0.7913 timestamp: 1512306069015
0.0036,-0.0139,-0.5866,-0.8098 timestamp: 1512306069035
0.0035,-0.0136,-0.5641,-0.8256 timestamp: 1512306069055
0.0032,-0.0132,-0.5432,-0.8395 timestamp: 1512306069075
0.0027,-0.0132,-0.5227,-0.8524 timestamp: 1512306069095
0.0021,-0.0132,-0.5017,-0.8649 timestamp: 1512306069115
0.0018,-0.0133,-0.4791,-0.8776 timestamp: 1512306069135
0.0015,-0.0135,-0.4561,-0.8898 timestamp: 1512306069155
0.0012,-0.0133,-0.4343,-0.9007 timestamp: 1512306069175
0.0011,-0.0130,-0.4139,-0.9102 timestamp: 1512306069195
0.0011,-0.0127,-0.3936,-0.9192 timestamp: 1512306069215
0.0009,-0.0126,-0.3733,-0.9276 timestamp: 1512306069235
0.0006,-0.0124,-0.3535,-0.9353 timestamp: 1512306069255
0.0003,-0.0123,-0.3342,-0.9424 timestamp: 1512306069275
0.0001,-0.0123,-0.3153,-0.9489 timestamp: 1512306069295
-0.0000,-0.0123,-0.2970,-0.9548 timestamp: 1512306069315
-0.0002,-0.0120,-0.2792,-0.9602 timestamp: 1512306069335
-0.0003,-0.0119,-0.2613,-0.9652 timestamp: 1512306069355
-0.0004,-0.0118,-0.2440,-0.9697 timestamp: 1512306069375
-0.0007,-0.0105,-0.2280,-0.9736 timestamp: 1512306069395
-0.0009,-0.0092,-0.2137,-0.9768 timestamp: 1512306069414
-0.0009,-0.0074,-0.2005,-0.9796 timestamp: 1512306069434
-0.0006,-0.0074,-0.1870,-0.9823 timestamp: 1512306069454
-0.0003,-0.0074,-0.1733,-0.9848 timestamp: 1512306069474
-0.0011,-0.0077,-0.1600,-0.9871 timestamp: 1512306069494
-0.0015,-0.0070,-0.1474,-0.9890 timestamp: 1512306069514
-0.0020,-0.0063,-0.1364,-0.9906 timestamp: 1512306069534
-0.0023,-0.0053,-0.1271,-0.9919 timestamp: 1512306069554
-0.0026,-0.0042,-0.1200,-0.9928 timestamp: 1512306069574
-0.0034,-0.0028,-0.1155,-0.9933 timestamp: 1512306069594
-0.0043,-0.0017,-0.1136,-0.9935 timestamp: 1512306069614
-0.0052,-0.0007,-0.1133,-0.9935 timestamp: 1512306069635
-0.0052,-0.0007,-0.1133,-0.9935 timestamp: 1512306069654
-0.0052,-0.0008,-0.1133,-0.9935 timestamp: 1512306069674
-0.0051,-0.0009,-0.1133,-0.9935 timestamp: 1512306069694
-0.0051,-0.0009,-0.1133,-0.9935 timestamp: 1512306069714
-0.0051,-0.0010,-0.1133,-0.9935 timestamp: 1512306069734
-0.0051,-0.0010,-0.1133,-0.9935 timestamp: 1512306069760
-0.0044,-0.0019,-0.1124,-0.9936 timestamp: 1512306069774
-0.0037,-0.0027,-0.1104,-0.9939 timestamp: 1512306069794
-0.0033,-0.0034,-0.1075,-0.9942 timestamp: 1512306069814
-0.0029,-0.0040,-0.1038,-0.9946 timestamp: 1512306069834
-0.0031,-0.0045,-0.0999,-0.9950 timestamp: 1512306069854
-0.0032,-0.0042,-0.0966,-0.9953 timestamp: 1512306069874
-0.0033,-0.0038,-0.0939,-0.9956 timestamp: 1512306069894
-0.0032,-0.0034,-0.0917,-0.9958 timestamp: 1512306069914
-0.0031,-0.0032,-0.0896,-0.9960 timestamp: 1512306069934
-0.0031,-0.0031,-0.0877,-0.9961 timestamp: 1512306069954
-0.0035,-0.0026,-0.0867,-0.9962 timestamp: 1512306069974
-0.0036,-0.0025,-0.0867,-0.9962 timestamp: 1512306069994
-0.0037,-0.0025,-0.0867,-0.9962 timestamp: 1512306070014
-0.0037,-0.0026,-0.0867,-0.9962 timestamp: 1512306070034
-0.0037,-0.0027,-0.0867,-0.9962 timestamp: 1512306070054
-0.0037,-0.0027,-0.0867,-0.9962 timestamp: 1512306070074
-0.0037,-0.0028,-0.0867,-0.9962 timestamp: 1512306070094
-0.0036,-0.0028,-0.0867,-0.9962 timestamp: 1512306070114
-0.0036,-0.0028,-0.0867,-0.9962 timestamp: 1512306070134
-0.0035,-0.0028,-0.0867,-0.9962 timestamp: 1512306070154
-0.0035,-0.0028,-0.0867,-0.9962 timestamp: 1512306070174
-0.0036,-0.0029,-0.0867,-0.9962 timestamp: 1512306070194
-0.0036,-0.0029,-0.0867,-0.9962 timestamp: 1512306070214
-0.0035,-0.0030,-0.0867,-0.9962 timestamp: 1512306070234
-0.0035,-0.0030,-0.0867,-0.9962 timestamp: 1512306070254
-0.0035,-0.0030,-0.0867,-0.9962 timestamp: 1512306070274
-0.0034,-0.0030,-0.0867,-0.9962 timestamp: 1512306070294
-0.0034,-0.0030,-0.0867,-0.9962 timestamp: 1512306070314
-0.0034,-0.0030,-0.0867,-0.9962 timestamp: 1512306070334
-0.0034,-0.0031,-0.0867,-0.9962 timestamp: 1512306070354
-0.0034,-0.0031,-0.0867,-0.9962 timestamp: 1512306070374
-0.0034,-0.0031,-0.0867,-0.9962 timestamp: 1512306070394
-0.0034,-0.0032,-0.0867,-0.9962 timestamp: 1512306070414
-0.0034,-0.0032,-0.0867,-0.9962 timestamp: 1512306070434
-0.0033,-0.0032,-0.0867,-0.9962 timestamp: 1512306070454
-0.0033,-0.0032,-0.0867,-0.9962 timestamp: 1512306070474
-0.0032,-0.0032,-0.0867,-0.9962 timestamp: 1512306070494
-0.0032,-0.0032,-0.0867,-0.9962 timestamp: 1512306070514
-0.0032,-0.0033,-0.0867,-0.9962 timestamp: 1512306070534
-0.0032,-0.0033,-0.0867,-0.9962 timestamp: 1512306070554
-0.0032,-0.0034,-0.0867,-0.9962 timestamp: 1512306070574
-0.0032,-0.0035,-0.0867,-0.9962 timestamp: 1512306070594
-0.0032,-0.0035,-0.0867,-0.9962 timestamp: 1512306070614
-0.0031,-0.0036,-0.0867,-0.9962 timestamp: 1512306070634
-0.0031,-0.0036,-0.0867,-0.9962 timestamp: 1512306070654
-0.0030,-0.0036,-0.0867,-0.9962 timestamp: 1512306070674
-0.0030,-0.0036,-0.0867,-0.9962 timestamp: 1512306070694
-0.0030,-0.0036,-0.0867,-0.9962 timestamp: 1512306070714
-0.0031,-0.0037,-0.0867,-0.9962 timestamp: 1512306070734
-0.0031,-0.0037,-0.0867,-0.9962 timestamp: 1512306070754
-0.0031,-0.0038,-0.0867,-0.9962 timestamp: 1512306070774
-0.0030,-0.0038,-0.0867,-0.9962 timestamp: 1512306070795
-0.0030,-0.0038,-0.0867,-0.9962 timestamp: 1512306070814
