0.0000,-0.0084,-0.1229,0.9924 timestamp: 1512306084746
0.0000,-0.0084,-0.1229,0.9924 timestamp: 1512306084766
0.0000,-0.0084,-0.1229,0.9924 timestamp: 1512306084786
0.0000,-0.0084,-0.1229,0.9924 timestamp: 1512306084807
-0.0000,-0.0084,-0.1229,0.9924 timestamp: 1512306084826
-0.0000,-0.0084,-0.1229,0.9924 timestamp: 1512306084846
-0.0000,-0.0084,-0.1229,0.9924 timestamp: 1512306084866
-0.0000,-0.0085,-0.1229,0.9924 timestamp: 1512306084886
-0.0000,-0.0085,-0.1229,0.9924 timestamp: 1512306084907
-0.0000,-0.0085,-0.1229,0.9924 timestamp: 1512306084926
-0.0000,-0.0085,-0.1229,0.9924 timestamp: 1512306084946
-0.0000,-0.0085,-0.1229,0.9924 timestamp: 1512306084966
-0.0001,-0.0085,-0.1229,0.9924 timestamp: 1512306084986
-0.0001,-0.0085,-0.1229,0.9924 timestamp: 1512306085006
-0.0000,-0.0085,-0.1229,0.9924 timestamp: 1512306085026
-0.0000,-0.0085,-0.1229,0.9924 timestamp: 1512306085046
-0.0000,-0.0085,-0.1229,0.9924 timestamp: 1512306085066
0.0000,-0.0085,-0.1229,0.9924 timestamp: 1512306085086
0.0000,-0.0085,-0.1229,0.9924 timestamp: 1512306085106
0.0000,-0.0085,-0.1229,0.9924 timestamp: 1512306085126
0.0000,-0.0085,-0.1229,0.9924 timestamp: 1512306085146
0.0000,-0.0085,-0.1229,0.9924 timestamp: 1512306085167
0.0000,-0.0085,-0.1229,0.9924 timestamp: 1512306085187
0.0000,-0.0085,-0.1229,0.9924 timestamp: 1512306085206
0.0000,-0.0085,-0.1229,0.9924 timestamp: 1512306085229
-0.0000,-0.0085,-0.1229,0.9924 timestamp: 1512306085246
-0.0000,-0.0085,-0.1229,0.9924 timestamp: 1512306085267
-0.0000,-0.0085,-0.1229,0.9924 timestamp: 1512306085286
-0.0000,-0.0085,-0.1229,0.9924 timestamp: 1512306085306
-0.0000,-0.0085,-0.1229,0.9924 timestamp: 1512306085330
-0.0000,-0.0085,-0.1229,0.9924 timestamp: 1512306085346
-0.0000,-0.0085,-0.1229,0.9924 timestamp: 1512306085366
-0.0000,-0.0085,-0.1229,0.9924 timestamp: 1512306085386
0.0000,-0.0085,-0.1229,0.9924 timestamp: 1512306085406
0.0000,-0.0085,-0.1229,0.9924 timestamp: 1512306085426
-0.0000,-0.0085,-0.1229,0.9924 timestamp: 1512306085446
-0.0000,-0.0085,-0.1229,0.9924 timestamp: 1512306085466
-0.0000,-0.0086,-0.1229,0.9924 timestamp: 1512306085486
-0.0000,-0.0086,-0.1229,0.9924 timestamp: 1512306085506
-0.0000,-0.0086,-0.1229,0.9924 timestamp: 1512306085526
-0.0000,-0.0086,-0.1229,0.9924 timestamp: 1512306085546
-0.0000,-0.0086,-0.1229,0.9924 timestamp: 1512306085566
-0.0001,-0.0086,-0.1229,0.9924 timestamp: 1512306085586
-0.0001,-0.0086,-0.1229,0.9924 timestamp: 1512306085606
-0.0001,-0.0086,-0.1229,0.9924 timestamp: 1512306085626
-0.0001,-0.0086,-0.1229,0.9924 timestamp: 1512306085646
-0.0001,-0.0086,-0.1229,0.9924 timestamp: 1512306085666
-0.0001,-0.0086,-0.1229,0.9924 timestamp: 1512306085686
-0.0001,-0.0085,-0.1229,0.9924 timestamp: 1512306085707
-0.0001,-0.0085,-0.1229,0.9924 timestamp: 1512306085726
-0.0001,-0.0085,-0.1229,0.9924 timestamp: 1512306085746
-0.0001,-0.0085,-0.1229,0.9924 timestamp: 1512306085766
-0.0001,-0.0085,-0.1229,0.9924 timestamp: 1512306085786
-0.0001,-0.0086,-0.1229,0.9924 timestamp: 1512306085806
-0.0001,-0.0086,-0.1229,0.9924 timestamp: 1512306085827
-0.0001,-0.0086,-0.1229,0.9924 timestamp: 1512306085846
-0.0001,-0.0086,-0.1229,0.9924 timestamp: 1512306085866
-0.0001,-0.0086,-0.1229,0.9924 timestamp: 1512306085886
-0.0001,-0.0086,-0.1229,0.9924 timestamp: 1512306085906
-0.0001,-0.0087,-0.1229,0.9924 timestamp: 1512306085926
-0.0001,-0.0087,-0.1229,0.9924 timestamp: 1512306085946
-0.0001,-0.0086,-0.1229,0.9924 timestamp: 1512306085966
-0.0001,-0.0086,-0.1229,0.9924 timestamp: 1512306085986
0.0002,-0.0091,-0.1226,0.9924 timestamp: 1512306086006
0.0004,-0.0095,-0.1201,0.9927 timestamp: 1512306086026
0.0014,-0.0112,-0.1144,0.9934 timestamp: 1512306086046
0.0024,-0.0129,-0.1067,0.9942 timestamp: 1512306086066
0.0026,-0.0131,-0.0978,0.9951 timestamp: 1512306086086
0.0028,-0.0133,-0.0878,0.9960 timestamp: 1512306086106
0.0029,-0.0136,-0.0770,0.9969 timestamp: 1512306086126
0.0027,-0.0140,-0.0649,0.9978 timestamp: 1512306086146
0.0027,-0.0144,-0.0509,0.9986 timestamp: 1512306086166
0.0027,-0.0148,-0.0351,0.9993 timestamp: 1512306086186
0.0026,-0.0148,-0.0177,0.9997 timestamp: 1512306086206
0.0024,-0.0147,0.0014,0.9999 timestamp: 1512306086225
0.0024,-0.0148,0.0220,0.9996 timestamp: 1512306086246
0.0022,-0.0147,0.0435,0.9989 timestamp: 1512306086265
0.0021,-0.0146,0.0659,0.9977 timestamp: 1512306086285
0.0018,-0.0145,0.0895,0.9959 timestamp: 1512306086306
0.0015,-0.0145,0.1145,0.9933 timestamp: 1512306086325
0.0012,-0.0144,0.1399,0.9901 timestamp: 1512306086345
0.0007,-0.0143,0.1652,0.9861 timestamp: 1512306086366
0.0003,-0.0141,0.1906,0.9816 timestamp: 1512306086385
-0.0001,-0.0139,0.2157,0.9763 timestamp: 1512306086405
-0.0005,-0.0137,0.2408,0.9705 timestamp: 1512306086425
-0.0009,-0.0136,0.2665,0.9637 timestamp: 1512306086445
-0.0012,-0.0133,0.2928,0.9561 timestamp: 1512306086465
-0.0014,-0.0131,0.3196,0.9474 timestamp: 1512306086485
-0.0017,-0.0129,0.3465,0.9379 timestamp: 1512306086505
-0.0020,-0.0126,0.3732,0.9276 timestamp: 1512306086525
-0.0024,-0.0124,0.3994,0.9167 timestamp: 1512306086545
-0.0028,-0.0122,0.4252,0.9050 timestamp: 1512306086565
-0.0032,-0.0120,0.4506,0.8926 timestamp: 1512306086585
-0.0035,-0.0118,0.4758,0.8794 timestamp: 1512306086605
-0.0038,-0.0114,0.5011,0.8653 timestamp: 1512306086625
-0.0041,-0.0110,0.5266,0.8500 timestamp: 1512306086647
-0.0043,-0.0105,0.5523,0.8336 timestamp: 1512306086665
-0.0046,-0.0101,0.5779,0.8161 timestamp: 1512306086685
-0.0049,-0.0096,0.6026,0.7980 timestamp: 1512306086707
-0.0055,-0.0092,0.6256,0.7800 timestamp: 1512306086725
-0.0061,-0.0088,0.6477,0.7619 timestamp: 1512306086745
-0.0063,-0.0085,0.6703,0.7420 timestamp: 1512306086765
-0.0068,-0.0079,0.6928,0.7210 timestamp: 1512306086785
-0.0073,-0.0073,0.7145,0.6996 timestamp: 1512306086805
-0.0079,-0.0068,0.7347,0.6783 timestamp: 1512306086826
-0.0083,-0.0063,0.7535,0.6574 timestamp: 1512306086856
-0.0087,-0.0058,0.7712,0.6365 timestamp: 1512306086865
-0.0089,-0.0055,0.7882,0.6153 timestamp: 1512306086886
-0.0091,-0.0052,0.8047,0.5936 timestamp: 1512306086905
-0.0093,-0.0047,0.8205,0.5715 timestamp: 1512306086926
-0.0099,-0.0043,0.8357,0.5491 timestamp: 1512306086945
-0.0104,-0.0038,0.8498,0.5270 timestamp: 1512306086965
-0.0109,-0.0035,0.8627,0.5056 timestamp: 1512306086985
-0.0114,-0.0032,0.8749,0.4842 timestamp: 1512306087005
-0.0115,-0.0028,0.8863,0.4629 timestamp: 1512306087025
-0.0116,-0.0024,0.8970,0.4419 timestamp: 1512306087045
-0.0117,-0.0020,0.9071,0.4208 timestamp: 1512306087065
-0.0119,-0.0015,0.9162,0.4005 timestamp: 1512306087085
-0.0121,-0.0012,0.9240,0.3822 timestamp: 1512306087105
-0.0124,-0.0009,0.9313,0.3640 timestamp: 1512306087126
-0.0124,-0.0007,0.9384,0.3454 timestamp: 1512306087145
-0.0125,-0.0005,0.9448,0.3275 timestamp: 1512306087165
-0.0127,-0.0004,0.9506,0.3100 timestamp: 1512306087185
-0.0128,-0.0001,0.9561,0.2928 timestamp: 1512306087205
-0.0132,0.0007,0.9610,0.2762 timestamp: 1512306087226
-0.0137,0.0011,0.9656,0.2598 timestamp: 1512306087245
-0.0141,0.0019,0.9698,0.2434 timestamp: 1512306087265
-0.0143,0.0026,0.9736,0.2280 timestamp: 1512306087285
-0.0156,0.0029,0.9767,0.2141 timestamp: 1512306087305
-0.0169,0.0031,0.9792,0.2023 timestamp: 1512306087325
-0.0179,0.0028,0.9811,0.1927 timestamp: 1512306087345
-0.0181,0.0033,0.9828,0.1838 timestamp: 1512306087365
-0.0183,0.0038,0.9843,0.1754 timestamp: 1512306087385
-0.0190,0.0032,0.9855,0.1685 timestamp: 1512306087405
-0.0197,0.0025,0.9864,0.1633 timestamp: 1512306087425
-0.0204,0.0024,0.9869,0.1599 timestamp: 1512306087445
-0.0212,0.0020,0.9871,0.1589 timestamp: 1512306087465
-0.0214,0.0019,0.9871,0.1589 timestamp: 1512306087485
-0.0213,0.0019,0.9871,0.1589 timestamp: 1512306087505
-0.0213,0.0020,0.9871,0.1589 timestamp: 1512306087525
-0.0212,0.0020,0.9871,0.1589 timestamp: 1512306087545
-0.0211,0.0021,0.9871,0.1589 timestamp: 1512306087565
-0.0210,0.0021,0.9871,0.1589 timestamp: 1512306087585
-0.0210,0.0021,0.9871,0.1589 timestamp: 1512306087605
-0.0209,0.0022,0.9871,0.1589 timestamp: 1512306087625
-0.0208,0.0022,0.9871,0.1589 timestamp: 1512306087645
-0.0208,0.0022,0.9871,0.1589 timestamp: 1512306087665
-0.0207,0.0023,0.9871,0.1589 timestamp: 1512306087685
-0.0207,0.0023,0.9871,0.1589 timestamp: 1512306087705
-0.0206,0.0024,0.9871,0.1589 timestamp: 1512306087725
-0.0205,0.0024,0.9871,0.1589 timestamp: 1512306087746
-0.0204,0.0025,0.9871,0.1589 timestamp: 1512306087765
-0.0204,0.0025,0.9871,0.1589 timestamp: 1512306087785
-0.0203,0.0025,0.9871,0.1589 timestamp: 1512306087805
-0.0203,0.0026,0.9871,0.1589 timestamp: 1512306087825
-0.0203,0.0026,0.9871,0.1589 timestamp: 1512306087845
-0.0202,0.0027,0.9871,0.1589 timestamp: 1512306087865
-0.0201,0.0027,0.9871,0.1589 timestamp: 1512306087885
-0.0201,0.0027,0.9871,0.1589 timestamp: 1512306087905
-0.0200,0.0027,0.9871,0.1589 timestamp: 1512306087925
-0.0200,0.0027,0.9871,0.1589 timestamp: 1512306087945
-0.0199,0.0027,0.9871,0.1589 timestamp: 1512306087965
-0.0199,0.0028,0.9871,0.1589 timestamp: 1512306087985
-0.0198,0.0028,0.9871,0.1589 timestamp: 1512306088005
-0.0198,0.0029,0.9871,0.1589 timestamp: 1512306088024
-0.0197,0.0029,0.9871,0.1589 timestamp: 1512306088045
-0.0197,0.0029,0.9871,0.1589 timestamp: 1512306088065
-0.0196,0.0029,0.9871,0.1589 timestamp: 1512306088084
-0.0196,0.0029,0.9871,0.1589 timestamp: 1512306088104
-0.0195,0.0029,0.9871,0.1589 timestamp: 1512306088124
-0.0187,0.0038,0.9872,0.1581 timestamp: 1512306088145
-0.0179,0.0046,0.9876,0.1558 timestamp: 1512306088165
-0.0173,0.0055,0.9882,0.1521 timestamp: 1512306088185
-0.0167,0.0064,0.9891,0.1465 timestamp: 1512306088205
-0.0154,0.0078,0.9902,0.1386 timestamp: 1512306088225
-0.0148,0.0083,0.9914,0.1299 timestamp: 1512306088244
-0.0143,0.0089,0.9925,0.1208 timestamp: 1512306088264
-0.0135,0.0093,0.9937,0.1106 timestamp: 1512306088285
-0.0127,0.0099,0.9949,0.0993 timestamp: 1512306088304
-0.0119,0.0106,0.9961,0.0866 timestamp: 1512306088325
-0.0111,0.0117,0.9972,0.0725 timestamp: 1512306088345
-0.0104,0.0127,0.9982,0.0577 timestamp: 1512306088365
-0.0099,0.0129,0.9990,0.0423 timestamp: 1512306088384
-0.0089,0.0133,0.9995,0.0256 timestamp: 1512306088404
-0.0085,0.0135,0.9999,0.0067 timestamp: 1512306088425
0.0080,-0.0136,-0.9998,-0.0147 timestamp: 1512306088445
0.0076,-0.0137,-0.9991,-0.0383 timestamp: 1512306088464
0.0072,-0.0138,-0.9979,-0.0629 timestamp: 1512306088484
0.0070,-0.0139,-0.9960,-0.0877 timestamp: 1512306088504
0.0067,-0.0140,-0.9935,-0.1128 timestamp: 1512306088524
0.0066,-0.0141,-0.9903,-0.1381 timestamp: 1512306088544
0.0063,-0.0142,-0.9864,-0.1637 timestamp: 1512306088565
0.0060,-0.0144,-0.9817,-0.1896 timestamp: 1512306088584
0.0058,-0.0147,-0.9762,-0.2163 timestamp: 1512306088604
0.0056,-0.0149,-0.9698,-0.2436 timestamp: 1512306088624
0.0056,-0.0152,-0.9624,-0.2712 timestamp: 1512306088644
0.0056,-0.0154,-0.9541,-0.2989 timestamp: 1512306088664
0.0055,-0.0156,-0.9451,-0.3263 timestamp: 1512306088684
0.0053,-0.0156,-0.9354,-0.3533 timestamp: 1512306088704
0.0051,-0.0157,-0.9248,-0.3802 timestamp: 1512306088726
0.0048,-0.0158,-0.9130,-0.4076 timestamp: 1512306088744
0.0044,-0.0162,-0.8996,-0.4364 timestamp: 1512306088764
0.0041,-0.0165,-0.8844,-0.4664 timestamp: 1512306088784
0.0040,-0.0168,-0.8680,-0.4963 timestamp: 1512306088804
0.0040,-0.0167,-0.8513,-0.5244 timestamp: 1512306088826
0.0040,-0.0166,-0.8349,-0.5502 timestamp: 1512306088844
0.0037,-0.0165,-0.8184,-0.5744 timestamp: 1512306088864
0.0033,-0.0165,-0.8015,-0.5977 timestamp: 1512306088884
0.0029,-0.0165,-0.7841,-0.6204 timestamp: 1512306088904
0.0025,-0.0169,-0.7653,-0.6434 timestamp: 1512306088924
0.0021,-0.0172,-0.7446,-0.6673 timestamp: 1512306088944
0.0018,-0.0173,-0.7229,-0.6907 timestamp: 1512306088964
0.0015,-0.0171,-0.7008,-0.7132 timestamp: 1512306088984
0.0012,-0.0169,-0.6786,-0.7343 timestamp: 1512306089004
0.0010,-0.0165,-0.6574,-0.7534 timestamp: 1512306089025
0.0009,-0.0161,-0.6374,-0.7703 timestamp: 1512306089044
0.0008,-0.0160,-0.6171,-0.7867 timestamp: 1512306089064
0.0006,-0.0158,-0.5960,-0.8028 timestamp: 1512306089084
0.0005,-0.0157,-0.5748,-0.8181 timestamp: 1512306089104
0.0002,-0.0152,-0.5540,-0.8324 timestamp: 1512306089124
-0.0001,-0.0146,-0.5331,-0.8459 timestamp: 1512306089144
-0.0004,-0.0142,-0.5122,-0.8587 timestamp: 1512306089164
-0.0007,-0.0140,-0.4919,-0.8705 timestamp: 1512306089184
-0.0009,-0.0138,-0.4721,-0.8814 timestamp: 1512306089204
-0.0011,-0.0135,-0.4526,-0.8916 timestamp: 1512306089224
-0.0015,-0.0132,-0.4338,-0.9009 timestamp: 1512306089244
-0.0018,-0.0128,-0.4161,-0.9092 timestamp: 1512306089264
-0.0020,-0.0125,-0.3987,-0.9170 timestamp: 1512306089284
-0.0022,-0.0122,-0.3806,-0.9246 timestamp: 1512306089304
-0.0023,-0.0119,-0.3621,-0.9321 timestamp: 1512306089324
-0.0025,-0.0114,-0.3441,-0.9388 timestamp: 1512306089344
-0.0027,-0.0109,-0.3273,-0.9448 timestamp: 1512306089364
-0.0030,-0.0097,-0.3120,-0.9500 timestamp: 1512306089384
-0.0031,-0.0096,-0.2973,-0.9547 timestamp: 1512306089393
-0.0032,-0.0096,-0.2829,-0.9591 timestamp: 1512306089424
-0.0037,-0.0086,-0.2697,-0.9629 timestamp: 1512306089444
-0.0041,-0.0076,-0.2581,-0.9661 timestamp: 1512306089464
-0.0043,-0.0074,-0.2470,-0.9690 timestamp: 1512306089484
-0.0041,-0.0075,-0.2358,-0.9718 timestamp: 1512306089504
-0.0038,-0.0076,-0.2251,-0.9743 timestamp: 1512306089524
-0.0043,-0.0065,-0.2163,-0.9763 timestamp: 1512306089544
-0.0048,-0.0055,-0.2096,-0.9778 timestamp: 1512306089564
-0.0053,-0.0051,-0.2038,-0.9790 timestamp: 1512306089584
-0.0055,-0.0049,-0.1985,-0.9801 timestamp: 1512306089604
-0.0058,-0.0047,-0.1935,-0.9811 timestamp: 1512306089624
-0.0060,-0.0047,-0.1891,-0.9819 timestamp: 1512306089646
-0.0059,-0.0046,-0.1852,-0.9827 timestamp: 1512306089665
-0.0058,-0.0045,-0.1814,-0.9834 timestamp: 1512306089684
-0.0057,-0.0046,-0.1779,-0.9840 timestamp: 1512306089704
-0.0056,-0.0047,-0.1749,-0.9846 timestamp: 1512306089724
-0.0055,-0.0046,-0.1726,-0.9850 timestamp: 1512306089744
-0.0058,-0.0040,-0.1714,-0.9852 timestamp: 1512306089764
-0.0059,-0.0039,-0.1714,-0.9852 timestamp: 1512306089784
-0.0058,-0.0039,-0.1714,-0.9852 timestamp: 1512306089804
-0.0058,-0.0040,-0.1714,-0.9852 timestamp: 1512306089824
-0.0057,-0.0040,-0.1714,-0.9852 timestamp: 1512306089844
-0.0057,-0.0040,-0.1714,-0.9852 timestamp: 1512306089864
-0.0056,-0.0040,-0.1714,-0.9852 timestamp: 1512306089884
-0.0056,-0.0041,-0.1714,-0.9852 timestamp: 1512306089904
-0.0056,-0.0041,-0.1714,-0.9852 timestamp: 1512306089924
-0.0056,-0.0042,-0.1714,-0.9852 timestamp: 1512306089944
-0.0056,-0.0042,-0.1714,-0.9852 timestamp: 1512306089963
-0.0055,-0.0042,-0.1714,-0.9852 timestamp: 1512306089983
-0.0055,-0.0042,-0.1714,-0.9852 timestamp: 1512306090004
-0.0054,-0.0043,-0.1714,-0.9852 timestamp: 1512306090024
-0.0054,-0.0043,-0.1714,-0.9852 timestamp: 1512306090043
-0.0053,-0.0043,-0.1714,-0.9852 timestamp: 1512306090063
-0.0053,-0.0044,-0.1714,-0.9852 timestamp: 1512306090083
-0.0053,-0.0044,-0.1714,-0.9852 timestamp: 1512306090103
-0.0053,-0.0044,-0.1714,-0.9852 timestamp: 1512306090124
-0.0053,-0.0045,-0.1714,-0.9852 timestamp: 1512306090144
-0.0052,-0.0045,-0.1714,-0.9852 timestamp: 1512306090164
-0.0052,-0.0045,-0.1714,-0.9852 timestamp: 1512306090184
-0.0052,-0.0045,-0.1714,-0.9852 timestamp: 1512306090188
-0.0051,-0.0046,-0.1714,-0.9852 timestamp: 1512306090224
-0.0051,-0.0046,-0.1714,-0.9852 timestamp: 1512306090244
-0.0051,-0.0047,-0.1714,-0.9852 timestamp: 1512306090263
-0.0050,-0.0047,-0.1714,-0.9852 timestamp: 1512306090284
-0.0050,-0.0047,-0.1714,-0.9852 timestamp: 1512306090303
-0.0050,-0.0047,-0.1714,-0.9852 timestamp: 1512306090323
-0.0049,-0.0048,-0.1714,-0.9852 timestamp: 1512306090343
-0.0048,-0.0048,-0.1714,-0.9852 timestamp: 1512306090363
-0.0048,-0.0048,-0.1714,-0.9852 timestamp: 1512306090383
-0.0048,-0.0048,-0.1714,-0.9852 timestamp: 1512306090403
-0.0048,-0.0048,-0.1714,-0.9852 timestamp: 1512306090423
-0.0048,-0.0048,-0.1714,-0.9852 timestamp: 1512306090443
-0.0048,-0.0048,-0.1714,-0.9852 timestamp: 1512306090463
-0.0047,-0.0049,-0.1714,-0.9852 timestamp: 1512306090483
-0.0047,-0.0049,-0.1714,-0.9852 timestamp: 1512306090503
-0.0047,-0.0049,-0.1714,-0.9852 timestamp: 1512306090524
-0.0046,-0.0050,-0.1714,-0.9852 timestamp: 1512306090543
-0.0046,-0.0050,-0.1714,-0.9852 timestamp: 1512306090563
-0.0046,-0.0050,-0.1714,-0.9852 timestamp: 1512306090583
-0.0046,-0.0051,-0.1714,-0.9852 timestamp: 1512306090603
