-0.0019,-0.0062,-0.1794,0.9837 timestamp: 1512306100738
-0.0019,-0.0062,-0.1794,0.9837 timestamp: 1512306100762
-0.0019,-0.0063,-0.1794,0.9837 timestamp: 1512306100778
-0.0020,-0.0063,-0.1794,0.9837 timestamp: 1512306100798
-0.0020,-0.0064,-0.1794,0.9837 timestamp: 1512306100818
-0.0020,-0.0064,-0.1794,0.9837 timestamp: 1512306100838
-0.0020,-0.0064,-0.1794,0.9837 timestamp: 1512306100858
-0.0020,-0.0064,-0.1794,0.9837 timestamp: 1512306100878
-0.0019,-0.0064,-0.1794,0.9837 timestamp: 1512306100898
-0.0019,-0.0064,-0.1794,0.9837 timestamp: 1512306100918
-0.0019,-0.0064,-0.1794,0.9837 timestamp: 1512306100938
-0.0019,-0.0064,-0.1794,0.9837 timestamp: 1512306100958
-0.0019,-0.0064,-0.1794,0.9837 timestamp: 1512306100978
-0.0020,-0.0065,-0.1794,0.9837 timestamp: 1512306100998
-0.0020,-0.0065,-0.1794,0.9837 timestamp: 1512306101018
-0.0019,-0.0065,-0.1794,0.9837 timestamp: 1512306101038
-0.0019,-0.0065,-0.1794,0.9837 timestamp: 1512306101060
-0.0019,-0.0065,-0.1794,0.9837 timestamp: 1512306101078
-0.0018,-0.0065,-0.1794,0.9837 timestamp: 1512306101098
-0.0018,-0.0065,-0.1794,0.9837 timestamp: 1512306101118
-0.0018,-0.0065,-0.1794,0.9837 timestamp: 1512306101138
-0.0018,-0.0065,-0.1794,0.9837 timestamp: 1512306101158
-0.0019,-0.0066,-0.1794,0.9837 timestamp: 1512306101178
-0.0019,-0.0066,-0.1794,0.9837 timestamp: 1512306101198
-0.0019,-0.0066,-0.1794,0.9837 timestamp: 1512306101218
-0.0019,-0.0066,-0.1794,0.9837 timestamp: 1512306101238
-0.0018,-0.0065,-0.1794,0.9837 timestamp: 1512306101257
-0.0018,-0.0065,-0.1794,0.9837 timestamp: 1512306101277
-0.0018,-0.0065,-0.1794,0.9837 timestamp: 1512306101298
-0.0018,-0.0066,-0.1794,0.9837 timestamp: 1512306101318
-0.0018,-0.0066,-0.1794,0.9837 timestamp: 1512306101338
-0.0019,-0.0066,-0.1794,0.9837 timestamp: 1512306101358
-0.0019,-0.0066,-0.1794,0.9837 timestamp: 1512306101378
-0.0018,-0.0066,-0.1794,0.9837 timestamp: 1512306101397
-0.0017,-0.0067,-0.1787,0.9839 timestamp: 1512306101418
-0.0013,-0.0079,-0.1760,0.9844 timestamp: 1512306101438
-0.0013,-0.0090,-0.1711,0.9852 timestamp: 1512306101457
-0.0013,-0.0101,-0.1647,0.9863 timestamp: 1512306101477
-0.0009,-0.0108,-0.1568,0.9876 timestamp: 1512306101497
-0.0006,-0.0116,-0.1484,0.9888 timestamp: 1512306101517
-0.0006,-0.0110,-0.1401,0.9901 timestamp: 1512306101537
-0.0004,-0.0108,-0.1313,0.9913 timestamp: 1512306101557
-0.0003,-0.0106,-0.1216,0.9925 timestamp: 1512306101577
0.0003,-0.0108,-0.1106,0.9938 timestamp: 1512306101597
0.0008,-0.0110,-0.0984,0.9951 timestamp: 1512306101617
0.0010,-0.0109,-0.0848,0.9963 timestamp: 1512306101639
0.0013,-0.0109,-0.0701,0.9975 timestamp: 1512306101657
0.0016,-0.0109,-0.0543,0.9985 timestamp: 1512306101677
0.0020,-0.0112,-0.0375,0.9992 timestamp: 1512306101697
0.0020,-0.0111,-0.0203,0.9997 timestamp: 1512306101717
0.0018,-0.0111,-0.0027,0.9999 timestamp: 1512306101737
0.0016,-0.0112,0.0161,0.9998 timestamp: 1512306101757
0.0014,-0.0112,0.0359,0.9993 timestamp: 1512306101777
0.0012,-0.0112,0.0562,0.9984 timestamp: 1512306101797
0.0012,-0.0112,0.0775,0.9969 timestamp: 1512306101817
0.0013,-0.0112,0.1002,0.9949 timestamp: 1512306101837
0.0010,-0.0112,0.1235,0.9923 timestamp: 1512306101858
0.0007,-0.0112,0.1471,0.9890 timestamp: 1512306101877
0.0004,-0.0111,0.1719,0.9850 timestamp: 1512306101897
0.0002,-0.0111,0.1978,0.9802 timestamp: 1512306101917
0.0000,-0.0111,0.2246,0.9744 timestamp: 1512306101937
-0.0002,-0.0111,0.2520,0.9677 timestamp: 1512306101957
-0.0004,-0.0110,0.2800,0.9599 timestamp: 1512306101977
-0.0006,-0.0109,0.3083,0.9512 timestamp: 1512306101997
-0.0010,-0.0106,0.3362,0.9417 timestamp: 1512306102017
-0.0015,-0.0103,0.3640,0.9313 timestamp: 1512306102037
-0.0015,-0.0100,0.3922,0.9198 timestamp: 1512306102057
-0.0019,-0.0097,0.4203,0.9073 timestamp: 1512306102077
-0.0022,-0.0094,0.4481,0.8939 timestamp: 1512306102097
-0.0025,-0.0093,0.4764,0.8792 timestamp: 1512306102117
-0.0031,-0.0091,0.5049,0.8631 timestamp: 1512306102137
-0.0036,-0.0089,0.5326,0.8463 timestamp: 1512306102157
-0.0043,-0.0085,0.5591,0.8290 timestamp: 1512306102177
-0.0049,-0.0080,0.5846,0.8113 timestamp: 1512306102197
-0.0053,-0.0074,0.6089,0.7932 timestamp: 1512306102217
-0.0055,-0.0069,0.6324,0.7746 timestamp: 1512306102237
-0.0058,-0.0063,0.6555,0.7551 timestamp: 1512306102257
-0.0059,-0.0057,0.6789,0.7341 timestamp: 1512306102277
-0.0060,-0.0052,0.7019,0.7122 timestamp: 1512306102297
-0.0064,-0.0047,0.7245,0.6892 timestamp: 1512306102317
-0.0065,-0.0043,0.7467,0.6651 timestamp: 1512306102337
-0.0067,-0.0038,0.7680,0.6404 timestamp: 1512306102357
-0.0071,-0.0034,0.7879,0.6157 timestamp: 1512306102377
-0.0076,-0.0030,0.8063,0.5914 timestamp: 1512306102397
-0.0079,-0.0026,0.8239,0.5667 timestamp: 1512306102417
-0.0082,-0.0019,0.8404,0.5420 timestamp: 1512306102437
-0.0084,-0.0012,0.8555,0.5177 timestamp: 1512306102457
-0.0088,-0.0007,0.8693,0.4943 timestamp: 1512306102477
-0.0090,-0.0002,0.8818,0.4715 timestamp: 1512306102497
-0.0092,0.0002,0.8935,0.4490 timestamp: 1512306102517
-0.0093,0.0006,0.9044,0.4267 timestamp: 1512306102537
-0.0094,0.0010,0.9144,0.4047 timestamp: 1512306102541
-0.0095,0.0012,0.9232,0.3842 timestamp: 1512306102577
-0.0099,0.0014,0.9307,0.3657 timestamp: 1512306102597
-0.0102,0.0015,0.9374,0.3481 timestamp: 1512306102617
-0.0103,0.0017,0.9436,0.3308 timestamp: 1512306102637
-0.0104,0.0020,0.9495,0.3136 timestamp: 1512306102657
-0.0105,0.0022,0.9549,0.2966 timestamp: 1512306102677
-0.0111,0.0033,0.9598,0.2804 timestamp: 1512306102697
-0.0118,0.0042,0.9642,0.2650 timestamp: 1512306102717
-0.0125,0.0039,0.9680,0.2506 timestamp: 1512306102737
-0.0129,0.0034,0.9715,0.2365 timestamp: 1512306102757
-0.0133,0.0028,0.9746,0.2236 timestamp: 1512306102777
-0.0144,0.0019,0.9769,0.2132 timestamp: 1512306102797
-0.0153,0.0020,0.9786,0.2052 timestamp: 1512306102817
-0.0162,0.0020,0.9800,0.1985 timestamp: 1512306102837
-0.0165,0.0021,0.9811,0.1929 timestamp: 1512306102857
-0.0168,0.0022,0.9819,0.1887 timestamp: 1512306102877
-0.0171,0.0015,0.9824,0.1859 timestamp: 1512306102897
-0.0178,0.0015,0.9826,0.1846 timestamp: 1512306102917
-0.0185,0.0016,0.9827,0.1845 timestamp: 1512306102938
-0.0184,0.0016,0.9827,0.1845 timestamp: 1512306102957
-0.0184,0.0017,0.9827,0.1845 timestamp: 1512306102977
-0.0184,0.0017,0.9827,0.1845 timestamp: 1512306102997
-0.0183,0.0018,0.9827,0.1845 timestamp: 1512306103017
-0.0183,0.0018,0.9827,0.1845 timestamp: 1512306103037
-0.0182,0.0019,0.9827,0.1845 timestamp: 1512306103057
-0.0181,0.0019,0.9827,0.1845 timestamp: 1512306103077
-0.0181,0.0019,0.9827,0.1845 timestamp: 1512306103097
-0.0180,0.0020,0.9827,0.1845 timestamp: 1512306103117
-0.0179,0.0020,0.9827,0.1845 timestamp: 1512306103137
-0.0179,0.0021,0.9827,0.1845 timestamp: 1512306103157
-0.0178,0.0021,0.9827,0.1845 timestamp: 1512306103177
-0.0178,0.0022,0.9827,0.1845 timestamp: 1512306103197
-0.0178,0.0022,0.9827,0.1845 timestamp: 1512306103217
-0.0178,0.0022,0.9827,0.1845 timestamp: 1512306103237
-0.0178,0.0023,0.9827,0.1845 timestamp: 1512306103257
-0.0177,0.0024,0.9827,0.1845 timestamp: 1512306103277
-0.0177,0.0024,0.9827,0.1845 timestamp: 1512306103296
-0.0176,0.0025,0.9827,0.1845 timestamp: 1512306103317
-0.0175,0.0025,0.9827,0.1845 timestamp: 1512306103336
-0.0175,0.0025,0.9827,0.1845 timestamp: 1512306103357
-0.0174,0.0025,0.9827,0.1845 timestamp: 1512306103377
-0.0174,0.0025,0.9827,0.1845 timestamp: 1512306103396
-0.0174,0.0026,0.9827,0.1845 timestamp: 1512306103416
-0.0174,0.0026,0.9827,0.1845 timestamp: 1512306103436
-0.0173,0.0027,0.9827,0.1845 timestamp: 1512306103457
-0.0173,0.0027,0.9827,0.1845 timestamp: 1512306103476
-0.0172,0.0028,0.9827,0.1845 timestamp: 1512306103496
-0.0172,0.0029,0.9827,0.1844 timestamp: 1512306103517
-0.0171,0.0029,0.9827,0.1844 timestamp: 1512306103536
-0.0171,0.0029,0.9827,0.1844 timestamp: 1512306103557
-0.0171,0.0029,0.9827,0.1844 timestamp: 1512306103576
-0.0170,0.0030,0.9827,0.1844 timestamp: 1512306103596
-0.0170,0.0030,0.9827,0.1844 timestamp: 1512306103616
-0.0169,0.0031,0.9827,0.1844 timestamp: 1512306103636
-0.0169,0.0032,0.9827,0.1844 timestamp: 1512306103656
-0.0168,0.0033,0.9827,0.1844 timestamp: 1512306103677
-0.0168,0.0033,0.9827,0.1844 timestamp: 1512306103696
-0.0167,0.0033,0.9827,0.1844 timestamp: 1512306103716
-0.0167,0.0032,0.9827,0.1844 timestamp: 1512306103736
-0.0166,0.0032,0.9827,0.1844 timestamp: 1512306103756
-0.0165,0.0036,0.9827,0.1842 timestamp: 1512306103776
-0.0158,0.0045,0.9830,0.1831 timestamp: 1512306103796
-0.0151,0.0054,0.9835,0.1803 timestamp: 1512306103816
-0.0138,0.0063,0.9844,0.1756 timestamp: 1512306103836
-0.0125,0.0072,0.9855,0.1688 timestamp: 1512306103856
-0.0112,0.0081,0.9870,0.1602 timestamp: 1512306103876
-0.0098,0.0091,0.9886,0.1497 timestamp: 1512306103896
-0.0085,0.0100,0.9907,0.1358 timestamp: 1512306103916
-0.0054,0.0111,0.9929,0.1185 timestamp: 1512306103936
-0.0051,0.0113,0.9950,0.0993 timestamp: 1512306103956
-0.0048,0.0115,0.9969,0.0782 timestamp: 1512306103976
-0.0044,0.0119,0.9984,0.0543 timestamp: 1512306103996
-0.0042,0.0122,0.9995,0.0277 timestamp: 1512306104016
0.0039,-0.0124,-0.9999,-0.0001 timestamp: 1512306104036
0.0037,-0.0127,-0.9995,-0.0281 timestamp: 1512306104056
0.0034,-0.0130,-0.9983,-0.0566 timestamp: 1512306104076
0.0032,-0.0133,-0.9962,-0.0860 timestamp: 1512306104096
0.0030,-0.0137,-0.9930,-0.1170 timestamp: 1512306104116
0.0028,-0.0141,-0.9888,-0.1486 timestamp: 1512306104136
0.0028,-0.0142,-0.9836,-0.1800 timestamp: 1512306104156
0.0028,-0.0142,-0.9771,-0.2122 timestamp: 1512306104176
0.0025,-0.0144,-0.9694,-0.2452 timestamp: 1512306104196
0.0024,-0.0147,-0.9603,-0.2785 timestamp: 1512306104216
0.0023,-0.0149,-0.9500,-0.3119 timestamp: 1512306104236
0.0024,-0.0150,-0.9388,-0.3440 timestamp: 1512306104256
0.0020,-0.0147,-0.9275,-0.3735 timestamp: 1512306104276
0.0016,-0.0145,-0.9157,-0.4015 timestamp: 1512306104296
0.0013,-0.0145,-0.9029,-0.4295 timestamp: 1512306104316
0.0009,-0.0145,-0.8890,-0.4576 timestamp: 1512306104336
0.0009,-0.0143,-0.8746,-0.4846 timestamp: 1512306104356
0.0009,-0.0140,-0.8601,-0.5099 timestamp: 1512306104376
0.0008,-0.0136,-0.8450,-0.5345 timestamp: 1512306104396
0.0006,-0.0138,-0.8282,-0.5602 timestamp: 1512306104416
0.0003,-0.0140,-0.8093,-0.5872 timestamp: 1512306104436
0.0001,-0.0142,-0.7896,-0.6135 timestamp: 1512306104456
0.0000,-0.0139,-0.7697,-0.6382 timestamp: 1512306104476
-0.0000,-0.0136,-0.7506,-0.6606 timestamp: 1512306104496
0.0001,-0.0127,-0.7340,-0.6790 timestamp: 1512306104516
0.0001,-0.0125,-0.7190,-0.6949 timestamp: 1512306104536
0.0000,-0.0123,-0.7029,-0.7111 timestamp: 1512306104556
0.0001,-0.0128,-0.6847,-0.7287 timestamp: 1512306104576
0.0001,-0.0132,-0.6646,-0.7471 timestamp: 1512306104596
0.0002,-0.0134,-0.6433,-0.7655 timestamp: 1512306104616
0.0002,-0.0131,-0.6216,-0.7832 timestamp: 1512306104636
0.0002,-0.0129,-0.6005,-0.7995 timestamp: 1512306104656
0.0001,-0.0127,-0.5798,-0.8146 timestamp: 1512306104676
0.0001,-0.0126,-0.5596,-0.8286 timestamp: 1512306104696
-0.0001,-0.0123,-0.5399,-0.8417 timestamp: 1512306104716
-0.0003,-0.0121,-0.5201,-0.8540 timestamp: 1512306104736
-0.0004,-0.0119,-0.5008,-0.8655 timestamp: 1512306104756
-0.0007,-0.0113,-0.4826,-0.8758 timestamp: 1512306104776
-0.0007,-0.0112,-0.4640,-0.8857 timestamp: 1512306104796
-0.0008,-0.0111,-0.4440,-0.8959 timestamp: 1512306104816
-0.0008,-0.0112,-0.4228,-0.9062 timestamp: 1512306104836
-0.0008,-0.0112,-0.4001,-0.9164 timestamp: 1512306104856
-0.0009,-0.0111,-0.3779,-0.9258 timestamp: 1512306104876
-0.0016,-0.0103,-0.3587,-0.9334 timestamp: 1512306104896
-0.0032,-0.0078,-0.3429,-0.9393 timestamp: 1512306104916
-0.0036,-0.0070,-0.3284,-0.9445 timestamp: 1512306104938
-0.0035,-0.0068,-0.3143,-0.9493 timestamp: 1512306104956
-0.0034,-0.0066,-0.3007,-0.9537 timestamp: 1512306104976
-0.0040,-0.0059,-0.2884,-0.9575 timestamp: 1512306104996
-0.0046,-0.0052,-0.2781,-0.9605 timestamp: 1512306105016
-0.0056,-0.0036,-0.2706,-0.9627 timestamp: 1512306105036
-0.0062,-0.0026,-0.2654,-0.9641 timestamp: 1512306105056
-0.0067,-0.0017,-0.2614,-0.9652 timestamp: 1512306105076
-0.0066,-0.0018,-0.2577,-0.9662 timestamp: 1512306105095
-0.0065,-0.0018,-0.2543,-0.9671 timestamp: 1512306105115
-0.0065,-0.0021,-0.2508,-0.9680 timestamp: 1512306105136
-0.0064,-0.0023,-0.2472,-0.9689 timestamp: 1512306105156
-0.0062,-0.0025,-0.2442,-0.9697 timestamp: 1512306105176
-0.0067,-0.0009,-0.2428,-0.9700 timestamp: 1512306105196
-0.0067,-0.0006,-0.2426,-0.9701 timestamp: 1512306105215
-0.0067,-0.0005,-0.2426,-0.9701 timestamp: 1512306105235
-0.0067,-0.0006,-0.2426,-0.9701 timestamp: 1512306105255
-0.0067,-0.0007,-0.2426,-0.9701 timestamp: 1512306105275
-0.0065,-0.0010,-0.2424,-0.9702 timestamp: 1512306105296
-0.0065,-0.0010,-0.2424,-0.9702 timestamp: 1512306105316
-0.0065,-0.0010,-0.2424,-0.9702 timestamp: 1512306105335
-0.0064,-0.0011,-0.2424,-0.9702 timestamp: 1512306105355
-0.0064,-0.0011,-0.2424,-0.9702 timestamp: 1512306105375
-0.0064,-0.0011,-0.2424,-0.9702 timestamp: 1512306105395
-0.0063,-0.0012,-0.2424,-0.9702 timestamp: 1512306105415
-0.0063,-0.0013,-0.2424,-0.9702 timestamp: 1512306105435
-0.0062,-0.0013,-0.2424,-0.9702 timestamp: 1512306105455
-0.0062,-0.0014,-0.2424,-0.9702 timestamp: 1512306105475
-0.0062,-0.0014,-0.2424,-0.9702 timestamp: 1512306105495
-0.0061,-0.0015,-0.2424,-0.9702 timestamp: 1512306105515
-0.0061,-0.0015,-0.2424,-0.9702 timestamp: 1512306105535
-0.0061,-0.0015,-0.2424,-0.9702 timestamp: 1512306105555
-0.0061,-0.0016,-0.2424,-0.9702 timestamp: 1512306105575
-0.0060,-0.0016,-0.2424,-0.9702 timestamp: 1512306105596
-0.0060,-0.0017,-0.2424,-0.9702 timestamp: 1512306105616
-0.0059,-0.0017,-0.2424,-0.9702 timestamp: 1512306105636
-0.0059,-0.0018,-0.2424,-0.9702 timestamp: 1512306105657
-0.0059,-0.0018,-0.2424,-0.9702 timestamp: 1512306105676
-0.0058,-0.0018,-0.2424,-0.9702 timestamp: 1512306105695
-0.0058,-0.0018,-0.2424,-0.9702 timestamp: 1512306105715
-0.0058,-0.0019,-0.2424,-0.9702 timestamp: 1512306105735
-0.0057,-0.0019,-0.2424,-0.9702 timestamp: 1512306105755
-0.0057,-0.0020,-0.2424,-0.9702 timestamp: 1512306105775
-0.0057,-0.0021,-0.2424,-0.9702 timestamp: 1512306105795
-0.0057,-0.0021,-0.2424,-0.9702 timestamp: 1512306105815
-0.0056,-0.0022,-0.2424,-0.9702 timestamp: 1512306105835
-0.0056,-0.0022,-0.2424,-0.9702 timestamp: 1512306105855
-0.0056,-0.0023,-0.2424,-0.9702 timestamp: 1512306105875
-0.0056,-0.0023,-0.2424,-0.9702 timestamp: 1512306105895
-0.0056,-0.0023,-0.2424,-0.9702 timestamp: 1512306105915
-0.0056,-0.0023,-0.2424,-0.9702 timestamp: 1512306105935
-0.0056,-0.0023,-0.2424,-0.9702 timestamp: 1512306105955
-0.0055,-0.0024,-0.2424,-0.9702 timestamp: 1512306105976
-0.0055,-0.0024,-0.2424,-0.9702 timestamp: 1512306105995
-0.0055,-0.0024,-0.2424,-0.9702 timestamp: 1512306106015
-0.0054,-0.0025,-0.2424,-0.9702 timestamp: 1512306106035
-0.0054,-0.0025,-0.2424,-0.9702 timestamp: 1512306106055
-0.0054,-0.0025,-0.2424,-0.9702 timestamp: 1512306106075
-0.0054,-0.0025,-0.2424,-0.9702 timestamp: 1512306106095
-0.0053,-0.0026,-0.2424,-0.9702 timestamp: 1512306106115
-0.0053,-0.0026,-0.2424,-0.9702 timestamp: 1512306106135
-0.0053,-0.0026,-0.2424,-0.9702 timestamp: 1512306106155
-0.0052,-0.0027,-0.2424,-0.9702 timestamp: 1512306106175
-0.0052,-0.0028,-0.2424,-0.9702 timestamp: 1512306106195
