0.0014,-0.0083,0.1088,0.9940 timestamp: 1512306032359
0.0014,-0.0083,0.1088,0.9940 timestamp: 1512306032369
0.0015,-0.0084,0.1088,0.9940 timestamp: 1512306032372
0.0015,-0.0084,0.1088,0.9940 timestamp: 1512306032377
0.0015,-0.0084,0.1088,0.9940 timestamp: 1512306032388
0.0015,-0.0084,0.1088,0.9940 timestamp: 1512306032391
0.0015,-0.0084,0.1088,0.9940 timestamp: 1512306032395
0.0015,-0.0084,0.1088,0.9940 timestamp: 1512306032426
0.0014,-0.0084,0.1088,0.9940 timestamp: 1512306032434
0.0014,-0.0083,0.1088,0.9940 timestamp: 1512306032454
0.0014,-0.0083,0.1088,0.9940 timestamp: 1512306032474
0.0014,-0.0083,0.1088,0.9940 timestamp: 1512306032496
0.0014,-0.0083,0.1088,0.9940 timestamp: 1512306032514
0.0015,-0.0084,0.1088,0.9940 timestamp: 1512306032534
0.0015,-0.0084,0.1088,0.9940 timestamp: 1512306032554
0.0015,-0.0084,0.1088,0.9940 timestamp: 1512306032574
0.0014,-0.0084,0.1088,0.9940 timestamp: 1512306032594
0.0015,-0.0084,0.1088,0.9940 timestamp: 1512306032614
0.0015,-0.0084,0.1088,0.9940 timestamp: 1512306032634
0.0015,-0.0083,0.1088,0.9940 timestamp: 1512306032654
0.0015,-0.0083,0.1088,0.9940 timestamp: 1512306032674
0.0015,-0.0083,0.1088,0.9940 timestamp: 1512306032694
0.0015,-0.0083,0.1088,0.9940 timestamp: 1512306032714
0.0014,-0.0083,0.1088,0.9940 timestamp: 1512306032734
0.0014,-0.0083,0.1088,0.9940 timestamp: 1512306032754
0.0014,-0.0083,0.1088,0.9940 timestamp: 1512306032774
0.0014,-0.0083,0.1088,0.9940 timestamp: 1512306032794
0.0014,-0.0083,0.1088,0.9940 timestamp: 1512306032814
0.0014,-0.0083,0.1088,0.9940 timestamp: 1512306032834
0.0015,-0.0083,0.1088,0.9940 timestamp: 1512306032854
0.0015,-0.0083,0.1088,0.9940 timestamp: 1512306032874
0.0015,-0.0083,0.1088,0.9940 timestamp: 1512306032894
0.0015,-0.0083,0.1088,0.9940 timestamp: 1512306032914
0.0014,-0.0083,0.1088,0.9940 timestamp: 1512306032934
0.0014,-0.0083,0.1088,0.9940 timestamp: 1512306032954
0.0014,-0.0083,0.1088,0.9940 timestamp: 1512306032974
0.0014,-0.0083,0.1088,0.9940 timestamp: 1512306032994
0.0014,-0.0084,0.1088,0.9940 timestamp: 1512306033014
0.0014,-0.0083,0.1088,0.9940 timestamp: 1512306033034
0.0014,-0.0083,0.1088,0.9940 timestamp: 1512306033054
0.0016,-0.0085,0.1095,0.9939 timestamp: 1512306033074
0.0015,-0.0088,0.1111,0.9938 timestamp: 1512306033094
0.0014,-0.0091,0.1138,0.9935 timestamp: 1512306033114
0.0016,-0.0095,0.1175,0.9930 timestamp: 1512306033134
0.0018,-0.0098,0.1227,0.9924 timestamp: 1512306033154
0.0040,-0.0108,0.1313,0.9913 timestamp: 1512306033174
0.0051,-0.0109,0.1425,0.9897 timestamp: 1512306033197
0.0062,-0.0111,0.1553,0.9878 timestamp: 1512306033214
0.0058,-0.0112,0.1691,0.9855 timestamp: 1512306033234
0.0054,-0.0113,0.1838,0.9829 timestamp: 1512306033254
0.0054,-0.0115,0.1994,0.9798 timestamp: 1512306033274
0.0057,-0.0117,0.2158,0.9763 timestamp: 1512306033294
0.0056,-0.0118,0.2329,0.9724 timestamp: 1512306033314
0.0055,-0.0119,0.2510,0.9679 timestamp: 1512306033334
0.0054,-0.0118,0.2704,0.9626 timestamp: 1512306033354
0.0053,-0.0118,0.2912,0.9566 timestamp: 1512306033374
0.0052,-0.0117,0.3131,0.9496 timestamp: 1512306033394
0.0050,-0.0116,0.3351,0.9421 timestamp: 1512306033414
0.0045,-0.0115,0.3559,0.9344 timestamp: 1512306033434
0.0041,-0.0116,0.3758,0.9266 timestamp: 1512306033454
0.0037,-0.0118,0.3953,0.9184 timestamp: 1512306033474
0.0032,-0.0119,0.4149,0.9098 timestamp: 1512306033495
0.0028,-0.0120,0.4346,0.9005 timestamp: 1512306033514
0.0024,-0.0120,0.4542,0.8908 timestamp: 1512306033534
0.0021,-0.0120,0.4732,0.8809 timestamp: 1512306033554
0.0018,-0.0119,0.4915,0.8708 timestamp: 1512306033574
0.0014,-0.0119,0.5099,0.8601 timestamp: 1512306033595
0.0011,-0.0119,0.5290,0.8485 timestamp: 1512306033614
0.0008,-0.0118,0.5484,0.8362 timestamp: 1512306033634
0.0006,-0.0116,0.5681,0.8229 timestamp: 1512306033654
0.0003,-0.0115,0.5880,0.8088 timestamp: 1512306033673
0.0001,-0.0113,0.6079,0.7939 timestamp: 1512306033693
-0.0002,-0.0111,0.6279,0.7782 timestamp: 1512306033713
-0.0005,-0.0109,0.6476,0.7619 timestamp: 1512306033733
-0.0010,-0.0107,0.6669,0.7450 timestamp: 1512306033753
-0.0015,-0.0105,0.6861,0.7274 timestamp: 1512306033773
-0.0018,-0.0103,0.7053,0.7088 timestamp: 1512306033794
-0.0022,-0.0100,0.7238,0.6899 timestamp: 1512306033814
-0.0027,-0.0097,0.7415,0.6709 timestamp: 1512306033833
-0.0030,-0.0094,0.7589,0.6511 timestamp: 1512306033854
-0.0032,-0.0091,0.7760,0.6306 timestamp: 1512306033873
-0.0034,-0.0088,0.7927,0.6095 timestamp: 1512306033894
-0.0038,-0.0084,0.8088,0.5881 timestamp: 1512306033914
-0.0041,-0.0080,0.8234,0.5674 timestamp: 1512306033933
-0.0047,-0.0078,0.8370,0.5471 timestamp: 1512306033953
-0.0049,-0.0076,0.8503,0.5261 timestamp: 1512306033973
-0.0052,-0.0075,0.8638,0.5037 timestamp: 1512306033993
-0.0055,-0.0071,0.8772,0.4800 timestamp: 1512306034014
-0.0059,-0.0070,0.8900,0.4558 timestamp: 1512306034033
-0.0063,-0.0068,0.9019,0.4319 timestamp: 1512306034053
-0.0067,-0.0067,0.9127,0.4085 timestamp: 1512306034073
-0.0070,-0.0066,0.9228,0.3851 timestamp: 1512306034093
-0.0072,-0.0063,0.9324,0.3613 timestamp: 1512306034113
-0.0074,-0.0058,0.9414,0.3373 timestamp: 1512306034133
-0.0076,-0.0054,0.9495,0.3135 timestamp: 1512306034153
-0.0078,-0.0052,0.9570,0.2899 timestamp: 1512306034173
-0.0080,-0.0050,0.9638,0.2666 timestamp: 1512306034193
-0.0083,-0.0048,0.9698,0.2437 timestamp: 1512306034213
-0.0088,-0.0047,0.9751,0.2214 timestamp: 1512306034233
-0.0092,-0.0045,0.9796,0.2007 timestamp: 1512306034253
-0.0098,-0.0043,0.9834,0.1813 timestamp: 1512306034273
-0.0100,-0.0040,0.9867,0.1622 timestamp: 1512306034293
-0.0103,-0.0037,0.9898,0.1421 timestamp: 1512306034313
-0.0104,-0.0035,0.9925,0.1215 timestamp: 1512306034333
-0.0105,-0.0033,0.9948,0.1012 timestamp: 1512306034353
-0.0108,-0.0032,0.9965,0.0823 timestamp: 1512306034373
-0.0109,-0.0031,0.9978,0.0646 timestamp: 1512306034393
-0.0110,-0.0030,0.9989,0.0463 timestamp: 1512306034413
-0.0111,-0.0028,0.9996,0.0271 timestamp: 1512306034433
-0.0112,-0.0026,0.9999,0.0086 timestamp: 1512306034453
0.0119,0.0025,-0.9999,-0.0086 timestamp: 1512306034473
0.0132,0.0021,-0.9996,-0.0239 timestamp: 1512306034493
0.0145,0.0018,-0.9992,-0.0373 timestamp: 1512306034513
0.0150,0.0016,-0.9987,-0.0492 timestamp: 1512306034533
0.0154,0.0021,-0.9981,-0.0594 timestamp: 1512306034553
0.0158,0.0026,-0.9976,-0.0675 timestamp: 1512306034573
0.0172,0.0027,-0.9972,-0.0729 timestamp: 1512306034593
0.0185,0.0030,-0.9970,-0.0752 timestamp: 1512306034613
0.0191,0.0032,-0.9970,-0.0755 timestamp: 1512306034633
0.0191,0.0031,-0.9970,-0.0755 timestamp: 1512306034653
0.0190,0.0030,-0.9970,-0.0755 timestamp: 1512306034673
0.0189,0.0030,-0.9970,-0.0755 timestamp: 1512306034693
0.0189,0.0029,-0.9970,-0.0755 timestamp: 1512306034714
0.0189,0.0029,-0.9970,-0.0755 timestamp: 1512306034733
0.0188,0.0028,-0.9970,-0.0755 timestamp: 1512306034753
0.0188,0.0028,-0.9970,-0.0755 timestamp: 1512306034773
0.0187,0.0028,-0.9970,-0.0755 timestamp: 1512306034793
0.0187,0.0027,-0.9970,-0.0755 timestamp: 1512306034813
0.0186,0.0027,-0.9970,-0.0755 timestamp: 1512306034833
0.0186,0.0027,-0.9970,-0.0755 timestamp: 1512306034853
0.0185,0.0026,-0.9970,-0.0755 timestamp: 1512306034873
0.0185,0.0026,-0.9970,-0.0755 timestamp: 1512306034893
0.0185,0.0025,-0.9970,-0.0755 timestamp: 1512306034913
0.0184,0.0025,-0.9970,-0.0755 timestamp: 1512306034933
0.0184,0.0024,-0.9970,-0.0755 timestamp: 1512306034953
0.0184,0.0023,-0.9970,-0.0755 timestamp: 1512306034973
0.0183,0.0023,-0.9970,-0.0755 timestamp: 1512306034993
0.0183,0.0022,-0.9970,-0.0755 timestamp: 1512306035013
0.0183,0.0022,-0.9970,-0.0755 timestamp: 1512306035033
0.0182,0.0021,-0.9970,-0.0755 timestamp: 1512306035053
0.0182,0.0021,-0.9970,-0.0755 timestamp: 1512306035073
0.0182,0.0020,-0.9970,-0.0755 timestamp: 1512306035093
0.0181,0.0019,-0.9970,-0.0755 timestamp: 1512306035113
0.0181,0.0019,-0.9970,-0.0755 timestamp: 1512306035133
0.0181,0.0019,-0.9970,-0.0755 timestamp: 1512306035153
0.0181,0.0018,-0.9970,-0.0755 timestamp: 1512306035173
0.0181,0.0018,-0.9970,-0.0755 timestamp: 1512306035193
0.0180,0.0017,-0.9970,-0.0755 timestamp: 1512306035213
0.0180,0.0017,-0.9970,-0.0755 timestamp: 1512306035233
0.0179,0.0016,-0.9970,-0.0755 timestamp: 1512306035253
0.0180,0.0018,-0.9970,-0.0753 timestamp: 1512306035273
0.0181,0.0020,-0.9971,-0.0745 timestamp: 1512306035293
0.0180,0.0019,-0.9971,-0.0745 timestamp: 1512306035313
0.0180,0.0018,-0.9971,-0.0745 timestamp: 1512306035334
0.0180,0.0018,-0.9971,-0.0745 timestamp: 1512306035353
0.0179,0.0017,-0.9971,-0.0745 timestamp: 1512306035373
0.0179,0.0016,-0.9971,-0.0745 timestamp: 1512306035393
0.0178,0.0016,-0.9971,-0.0745 timestamp: 1512306035413
0.0174,0.0014,-0.9970,-0.0748 timestamp: 1512306035433
0.0170,0.0012,-0.9970,-0.0757 timestamp: 1512306035453
0.0161,0.0004,-0.9968,-0.0780 timestamp: 1512306035473
0.0147,-0.0009,-0.9964,-0.0830 timestamp: 1512306035493
0.0134,-0.0021,-0.9958,-0.0911 timestamp: 1512306035513
0.0125,-0.0025,-0.9948,-0.1014 timestamp: 1512306035532
0.0116,-0.0030,-0.9935,-0.1131 timestamp: 1512306035553
0.0109,-0.0042,-0.9919,-0.1268 timestamp: 1512306035573
0.0098,-0.0068,-0.9896,-0.1436 timestamp: 1512306035593
0.0094,-0.0075,-0.9865,-0.1632 timestamp: 1512306035613
0.0092,-0.0082,-0.9828,-0.1843 timestamp: 1512306035633
0.0091,-0.0088,-0.9783,-0.2069 timestamp: 1512306035653
0.0089,-0.0094,-0.9727,-0.2315 timestamp: 1512306035672
0.0090,-0.0094,-0.9664,-0.2568 timestamp: 1512306035692
0.0090,-0.0095,-0.9593,-0.2820 timestamp: 1512306035717
0.0088,-0.0097,-0.9515,-0.3073 timestamp: 1512306035732
0.0086,-0.0100,-0.9428,-0.3331 timestamp: 1512306035752
0.0084,-0.0102,-0.9330,-0.3597 timestamp: 1512306035772
0.0083,-0.0103,-0.9224,-0.3859 timestamp: 1512306035792
0.0083,-0.0103,-0.9113,-0.4115 timestamp: 1512306035812
0.0081,-0.0104,-0.8992,-0.4372 timestamp: 1512306035832
0.0081,-0.0104,-0.8862,-0.4630 timestamp: 1512306035852
0.0082,-0.0105,-0.8723,-0.4888 timestamp: 1512306035872
0.0082,-0.0106,-0.8577,-0.5139 timestamp: 1512306035892
0.0082,-0.0106,-0.8427,-0.5383 timestamp: 1512306035913
0.0081,-0.0106,-0.8270,-0.5621 timestamp: 1512306035932
0.0080,-0.0106,-0.8107,-0.5853 timestamp: 1512306035952
0.0080,-0.0106,-0.7943,-0.6074 timestamp: 1512306035972
0.0079,-0.0103,-0.7780,-0.6281 timestamp: 1512306035992
0.0077,-0.0104,-0.7616,-0.6479 timestamp: 1512306036012
0.0074,-0.0104,-0.7436,-0.6685 timestamp: 1512306036032
0.0070,-0.0112,-0.7238,-0.6899 timestamp: 1512306036052
0.0067,-0.0119,-0.7030,-0.7111 timestamp: 1512306036072
0.0064,-0.0121,-0.6817,-0.7315 timestamp: 1512306036092
0.0061,-0.0124,-0.6603,-0.7509 timestamp: 1512306036112
0.0059,-0.0126,-0.6383,-0.7697 timestamp: 1512306036132
0.0060,-0.0129,-0.6152,-0.7883 timestamp: 1512306036152
0.0061,-0.0132,-0.5915,-0.8062 timestamp: 1512306036172
0.0059,-0.0133,-0.5676,-0.8232 timestamp: 1512306036192
0.0057,-0.0133,-0.5433,-0.8394 timestamp: 1512306036212
0.0055,-0.0134,-0.5187,-0.8548 timestamp: 1512306036232
0.0053,-0.0134,-0.4934,-0.8697 timestamp: 1512306036252
0.0049,-0.0136,-0.4669,-0.8842 timestamp: 1512306036272
0.0046,-0.0137,-0.4400,-0.8979 timestamp: 1512306036292
0.0043,-0.0133,-0.4138,-0.9102 timestamp: 1512306036312
0.0040,-0.0130,-0.3887,-0.9212 timestamp: 1512306036332
0.0038,-0.0127,-0.3638,-0.9314 timestamp: 1512306036353
0.0036,-0.0127,-0.3385,-0.9408 timestamp: 1512306036372
0.0035,-0.0127,-0.3130,-0.9497 timestamp: 1512306036392
0.0032,-0.0124,-0.2879,-0.9576 timestamp: 1512306036412
0.0025,-0.0117,-0.2656,-0.9640 timestamp: 1512306036432
0.0018,-0.0110,-0.2461,-0.9692 timestamp: 1512306036452
0.0015,-0.0108,-0.2278,-0.9736 timestamp: 1512306036472
0.0012,-0.0107,-0.2097,-0.9777 timestamp: 1512306036492
0.0011,-0.0107,-0.1911,-0.9815 timestamp: 1512306036512
0.0010,-0.0106,-0.1728,-0.9849 timestamp: 1512306036532
0.0009,-0.0105,-0.1548,-0.9879 timestamp: 1512306036552
0.0009,-0.0103,-0.1373,-0.9905 timestamp: 1512306036572
0.0016,-0.0098,-0.1200,-0.9927 timestamp: 1512306036592
0.0015,-0.0098,-0.1024,-0.9947 timestamp: 1512306036612
0.0010,-0.0092,-0.0850,-0.9963 timestamp: 1512306036632
0.0006,-0.0087,-0.0685,-0.9976 timestamp: 1512306036652
-0.0000,-0.0084,-0.0526,-0.9986 timestamp: 1512306036672
-0.0005,-0.0081,-0.0370,-0.9993 timestamp: 1512306036692
-0.0009,-0.0078,-0.0224,-0.9997 timestamp: 1512306036712
-0.0011,-0.0078,-0.0083,-0.9999 timestamp: 1512306036732
-0.0013,-0.0078,0.0046,-1.0000 timestamp: 1512306036756
-0.0018,-0.0070,0.0159,-0.9998 timestamp: 1512306036772
-0.0021,-0.0060,0.0252,-0.9996 timestamp: 1512306036792
-0.0023,-0.0049,0.0328,-0.9994 timestamp: 1512306036812
-0.0024,-0.0043,0.0390,-0.9992 timestamp: 1512306036832
-0.0024,-0.0036,0.0437,-0.9990 timestamp: 1512306036852
-0.0029,-0.0035,0.0477,-0.9988 timestamp: 1512306036872
-0.0031,-0.0035,0.0514,-0.9987 timestamp: 1512306036892
-0.0033,-0.0035,0.0549,-0.9985 timestamp: 1512306036912
-0.0035,-0.0032,0.0574,-0.9983 timestamp: 1512306036932
-0.0041,-0.0029,0.0581,-0.9983 timestamp: 1512306036952
-0.0042,-0.0029,0.0581,-0.9983 timestamp: 1512306036972
-0.0042,-0.0029,0.0581,-0.9983 timestamp: 1512306036992
-0.0042,-0.0029,0.0581,-0.9983 timestamp: 1512306037012
-0.0041,-0.0030,0.0581,-0.9983 timestamp: 1512306037032
-0.0041,-0.0030,0.0581,-0.9983 timestamp: 1512306037052
-0.0040,-0.0031,0.0581,-0.9983 timestamp: 1512306037072
-0.0040,-0.0031,0.0581,-0.9983 timestamp: 1512306037092
-0.0039,-0.0031,0.0581,-0.9983 timestamp: 1512306037112
-0.0039,-0.0031,0.0581,-0.9983 timestamp: 1512306037133
-0.0039,-0.0032,0.0581,-0.9983 timestamp: 1512306037152
-0.0039,-0.0032,0.0581,-0.9983 timestamp: 1512306037172
-0.0039,-0.0032,0.0581,-0.9983 timestamp: 1512306037192
-0.0038,-0.0033,0.0581,-0.9983 timestamp: 1512306037212
-0.0038,-0.0033,0.0581,-0.9983 timestamp: 1512306037232
-0.0038,-0.0033,0.0581,-0.9983 timestamp: 1512306037252
-0.0037,-0.0034,0.0581,-0.9983 timestamp: 1512306037272
-0.0037,-0.0034,0.0581,-0.9983 timestamp: 1512306037292
-0.0037,-0.0034,0.0581,-0.9983 timestamp: 1512306037311
-0.0037,-0.0035,0.0581,-0.9983 timestamp: 1512306037332
-0.0036,-0.0035,0.0581,-0.9983 timestamp: 1512306037351
-0.0036,-0.0035,0.0581,-0.9983 timestamp: 1512306037372
-0.0036,-0.0036,0.0581,-0.9983 timestamp: 1512306037392
-0.0035,-0.0036,0.0581,-0.9983 timestamp: 1512306037411
-0.0035,-0.0037,0.0581,-0.9983 timestamp: 1512306037432
-0.0035,-0.0037,0.0581,-0.9983 timestamp: 1512306037451
-0.0035,-0.0037,0.0581,-0.9983 timestamp: 1512306037471
-0.0035,-0.0037,0.0581,-0.9983 timestamp: 1512306037492
-0.0034,-0.0038,0.0581,-0.9983 timestamp: 1512306037512
-0.0034,-0.0038,0.0581,-0.9983 timestamp: 1512306037532
-0.0034,-0.0038,0.0581,-0.9983 timestamp: 1512306037552
-0.0034,-0.0038,0.0581,-0.9983 timestamp: 1512306037571
-0.0033,-0.0038,0.0581,-0.9983 timestamp: 1512306037591
-0.0033,-0.0039,0.0581,-0.9983 timestamp: 1512306037612
-0.0033,-0.0039,0.0581,-0.9983 timestamp: 1512306037631
-0.0032,-0.0039,0.0581,-0.9983 timestamp: 1512306037651
-0.0032,-0.0040,0.0581,-0.9983 timestamp: 1512306037671
-0.0032,-0.0040,0.0581,-0.9983 timestamp: 1512306037691
-0.0032,-0.0040,0.0581,-0.9983 timestamp: 1512306037711
-0.0032,-0.0041,0.0581,-0.9983 timestamp: 1512306037732
-0.0032,-0.0041,0.0581,-0.9983 timestamp: 1512306037751
-0.0031,-0.0041,0.0581,-0.9983 timestamp: 1512306037771
-0.0031,-0.0041,0.0581,-0.9983 timestamp: 1512306037791
-0.0031,-0.0041,0.0581,-0.9983 timestamp: 1512306037811
-0.0030,-0.0042,0.0581,-0.9983 timestamp: 1512306037831
-0.0030,-0.0042,0.0581,-0.9983 timestamp: 1512306037851
-0.0030,-0.0042,0.0581,-0.9983 timestamp: 1512306037871
-0.0030,-0.0042,0.0581,-0.9983 timestamp: 1512306037891
-0.0030,-0.0043,0.0581,-0.9983 timestamp: 1512306037911
