-0.0015,-0.0071,0.0335,0.9994 timestamp: 1512306048606
-0.0014,-0.0070,0.0335,0.9994 timestamp: 1512306048628
-0.0014,-0.0070,0.0335,0.9994 timestamp: 1512306048646
-0.0014,-0.0070,0.0335,0.9994 timestamp: 1512306048666
-0.0014,-0.0070,0.0335,0.9994 timestamp: 1512306048685
-0.0013,-0.0071,0.0335,0.9994 timestamp: 1512306048706
-0.0013,-0.0071,0.0335,0.9994 timestamp: 1512306048725
-0.0013,-0.0071,0.0335,0.9994 timestamp: 1512306048745
-0.0013,-0.0071,0.0335,0.9994 timestamp: 1512306048765
-0.0013,-0.0071,0.0335,0.9994 timestamp: 1512306048786
-0.0013,-0.0071,0.0335,0.9994 timestamp: 1512306048805
-0.0013,-0.0071,0.0335,0.9994 timestamp: 1512306048826
-0.0013,-0.0071,0.0335,0.9994 timestamp: 1512306048845
-0.0013,-0.0071,0.0335,0.9994 timestamp: 1512306048865
-0.0013,-0.0071,0.0335,0.9994 timestamp: 1512306048885
-0.0013,-0.0072,0.0335,0.9994 timestamp: 1512306048905
-0.0012,-0.0072,0.0335,0.9994 timestamp: 1512306048927
-0.0012,-0.0072,0.0335,0.9994 timestamp: 1512306048945
-0.0012,-0.0072,0.0335,0.9994 timestamp: 1512306048966
-0.0012,-0.0072,0.0335,0.9994 timestamp: 1512306048985
-0.0012,-0.0072,0.0335,0.9994 timestamp: 1512306049005
-0.0012,-0.0072,0.0335,0.9994 timestamp: 1512306049026
-0.0012,-0.0072,0.0335,0.9994 timestamp: 1512306049045
-0.0011,-0.0073,0.0339,0.9994 timestamp: 1512306049065
-0.0007,-0.0076,0.0353,0.9993 timestamp: 1512306049085
-0.0002,-0.0079,0.0384,0.9992 timestamp: 1512306049105
0.0004,-0.0083,0.0421,0.9991 timestamp: 1512306049125
0.0011,-0.0084,0.0464,0.9989 timestamp: 1512306049145
0.0019,-0.0084,0.0521,0.9986 timestamp: 1512306049165
0.0025,-0.0089,0.0588,0.9982 timestamp: 1512306049185
0.0023,-0.0089,0.0656,0.9978 timestamp: 1512306049205
0.0021,-0.0090,0.0727,0.9973 timestamp: 1512306049225
0.0023,-0.0093,0.0809,0.9967 timestamp: 1512306049245
0.0029,-0.0097,0.0914,0.9958 timestamp: 1512306049265
0.0036,-0.0102,0.1036,0.9946 timestamp: 1512306049285
0.0039,-0.0105,0.1170,0.9931 timestamp: 1512306049305
0.0043,-0.0108,0.1313,0.9913 timestamp: 1512306049325
0.0038,-0.0108,0.1464,0.9892 timestamp: 1512306049346
0.0034,-0.0108,0.1624,0.9866 timestamp: 1512306049365
0.0031,-0.0109,0.1797,0.9836 timestamp: 1512306049385
0.0031,-0.0110,0.1987,0.9800 timestamp: 1512306049405
0.0030,-0.0111,0.2194,0.9756 timestamp: 1512306049425
0.0029,-0.0112,0.2418,0.9703 timestamp: 1512306049446
0.0027,-0.0113,0.2657,0.9640 timestamp: 1512306049465
0.0024,-0.0114,0.2894,0.9571 timestamp: 1512306049485
0.0019,-0.0113,0.3116,0.9501 timestamp: 1512306049505
0.0013,-0.0112,0.3321,0.9432 timestamp: 1512306049525
0.0008,-0.0110,0.3507,0.9364 timestamp: 1512306049545
0.0007,-0.0109,0.3694,0.9292 timestamp: 1512306049565
0.0004,-0.0109,0.3910,0.9203 timestamp: 1512306049585
0.0005,-0.0111,0.4155,0.9095 timestamp: 1512306049605
0.0002,-0.0111,0.4414,0.8972 timestamp: 1512306049625
-0.0000,-0.0111,0.4660,0.8847 timestamp: 1512306049645
-0.0005,-0.0108,0.4884,0.8726 timestamp: 1512306049665
-0.0010,-0.0105,0.5104,0.8599 timestamp: 1512306049685
-0.0011,-0.0104,0.5332,0.8459 timestamp: 1512306049705
-0.0013,-0.0102,0.5568,0.8306 timestamp: 1512306049725
-0.0015,-0.0100,0.5812,0.8137 timestamp: 1512306049745
-0.0019,-0.0098,0.6045,0.7965 timestamp: 1512306049765
-0.0025,-0.0091,0.6264,0.7794 timestamp: 1512306049785
-0.0031,-0.0084,0.6464,0.7630 timestamp: 1512306049805
-0.0035,-0.0080,0.6638,0.7478 timestamp: 1512306049825
-0.0039,-0.0076,0.6803,0.7328 timestamp: 1512306049845
-0.0039,-0.0075,0.6972,0.7169 timestamp: 1512306049865
-0.0041,-0.0072,0.7143,0.6998 timestamp: 1512306049885
-0.0043,-0.0069,0.7312,0.6821 timestamp: 1512306049905
-0.0045,-0.0065,0.7478,0.6638 timestamp: 1512306049925
-0.0047,-0.0062,0.7650,0.6440 timestamp: 1512306049945
-0.0047,-0.0060,0.7825,0.6226 timestamp: 1512306049965
-0.0050,-0.0059,0.8003,0.5995 timestamp: 1512306049985
-0.0053,-0.0057,0.8182,0.5748 timestamp: 1512306050005
-0.0055,-0.0056,0.8356,0.5493 timestamp: 1512306050025
-0.0058,-0.0054,0.8522,0.5232 timestamp: 1512306050045
-0.0061,-0.0052,0.8682,0.4962 timestamp: 1512306050065
-0.0069,-0.0049,0.8826,0.4701 timestamp: 1512306050085
-0.0077,-0.0046,0.8955,0.4450 timestamp: 1512306050105
-0.0080,-0.0040,0.9078,0.4194 timestamp: 1512306050125
-0.0081,-0.0035,0.9194,0.3933 timestamp: 1512306050145
-0.0082,-0.0029,0.9301,0.3673 timestamp: 1512306050165
-0.0081,-0.0024,0.9401,0.3407 timestamp: 1512306050185
-0.0084,-0.0021,0.9495,0.3136 timestamp: 1512306050205
-0.0087,-0.0019,0.9578,0.2874 timestamp: 1512306050226
-0.0089,-0.0017,0.9651,0.2617 timestamp: 1512306050245
-0.0092,-0.0014,0.9716,0.2364 timestamp: 1512306050265
-0.0097,-0.0010,0.9770,0.2132 timestamp: 1512306050285
-0.0100,-0.0008,0.9812,0.1926 timestamp: 1512306050305
-0.0103,-0.0006,0.9848,0.1731 timestamp: 1512306050326
-0.0104,-0.0006,0.9880,0.1541 timestamp: 1512306050345
-0.0106,-0.0006,0.9908,0.1350 timestamp: 1512306050365
-0.0107,-0.0006,0.9931,0.1167 timestamp: 1512306050385
-0.0123,-0.0009,0.9948,0.1010 timestamp: 1512306050405
-0.0139,-0.0013,0.9960,0.0886 timestamp: 1512306050425
-0.0154,-0.0016,0.9967,0.0794 timestamp: 1512306050445
-0.0168,-0.0015,0.9972,0.0727 timestamp: 1512306050465
-0.0181,-0.0014,0.9976,0.0667 timestamp: 1512306050485
-0.0182,-0.0018,0.9979,0.0616 timestamp: 1512306050505
-0.0183,-0.0023,0.9982,0.0579 timestamp: 1512306050525
-0.0179,-0.0022,0.9984,0.0539 timestamp: 1512306050545
-0.0171,-0.0020,0.9987,0.0487 timestamp: 1512306050564
-0.0163,-0.0019,0.9990,0.0423 timestamp: 1512306050584
-0.0161,-0.0015,0.9992,0.0354 timestamp: 1512306050604
-0.0159,-0.0011,0.9994,0.0294 timestamp: 1512306050625
-0.0169,-0.0008,0.9995,0.0253 timestamp: 1512306050644
-0.0179,-0.0001,0.9996,0.0230 timestamp: 1512306050665
-0.0189,0.0005,0.9996,0.0215 timestamp: 1512306050684
-0.0190,0.0002,0.9996,0.0210 timestamp: 1512306050705
-0.0189,0.0002,0.9996,0.0210 timestamp: 1512306050724
-0.0189,0.0002,0.9996,0.0210 timestamp: 1512306050744
-0.0188,0.0002,0.9996,0.0210 timestamp: 1512306050764
-0.0188,0.0003,0.9996,0.0210 timestamp: 1512306050785
-0.0187,0.0003,0.9996,0.0210 timestamp: 1512306050804
-0.0187,0.0003,0.9996,0.0210 timestamp: 1512306050824
-0.0186,0.0004,0.9996,0.0210 timestamp: 1512306050844
-0.0186,0.0005,0.9996,0.0210 timestamp: 1512306050864
-0.0185,0.0005,0.9996,0.0210 timestamp: 1512306050884
-0.0185,0.0006,0.9996,0.0210 timestamp: 1512306050904
-0.0184,0.0006,0.9996,0.0210 timestamp: 1512306050924
-0.0184,0.0006,0.9996,0.0210 timestamp: 1512306050945
-0.0183,0.0006,0.9996,0.0210 timestamp: 1512306050964
-0.0183,0.0006,0.9996,0.0210 timestamp: 1512306050984
-0.0182,0.0006,0.9996,0.0210 timestamp: 1512306051004
-0.0182,0.0007,0.9996,0.0210 timestamp: 1512306051024
-0.0182,0.0008,0.9996,0.0210 timestamp: 1512306051045
-0.0181,0.0008,0.9996,0.0210 timestamp: 1512306051064
-0.0181,0.0008,0.9996,0.0210 timestamp: 1512306051084
-0.0181,0.0009,0.9996,0.0210 timestamp: 1512306051104
-0.0180,0.0009,0.9996,0.0210 timestamp: 1512306051124
-0.0180,0.0009,0.9996,0.0210 timestamp: 1512306051144
-0.0179,0.0009,0.9996,0.0210 timestamp: 1512306051164
-0.0179,0.0009,0.9996,0.0210 timestamp: 1512306051184
-0.0179,0.0010,0.9996,0.0210 timestamp: 1512306051204
-0.0178,0.0011,0.9996,0.0210 timestamp: 1512306051224
-0.0178,0.0011,0.9996,0.0210 timestamp: 1512306051244
-0.0178,0.0011,0.9996,0.0210 timestamp: 1512306051264
-0.0177,0.0011,0.9996,0.0210 timestamp: 1512306051284
-0.0176,0.0012,0.9996,0.0210 timestamp: 1512306051304
-0.0176,0.0011,0.9996,0.0210 timestamp: 1512306051324
-0.0176,0.0012,0.9996,0.0210 timestamp: 1512306051344
-0.0175,0.0013,0.9996,0.0208 timestamp: 1512306051364
-0.0168,0.0019,0.9997,0.0192 timestamp: 1512306051384
-0.0152,0.0028,0.9998,0.0159 timestamp: 1512306051404
-0.0136,0.0038,0.9998,0.0104 timestamp: 1512306051424
-0.0124,0.0048,0.9999,0.0026 timestamp: 1512306051444
0.0111,-0.0057,-0.9999,-0.0072 timestamp: 1512306051464
0.0101,-0.0065,-0.9998,-0.0182 timestamp: 1512306051484
0.0110,-0.0066,-0.9995,-0.0288 timestamp: 1512306051504
0.0118,-0.0066,-0.9992,-0.0382 timestamp: 1512306051524
0.0116,-0.0069,-0.9988,-0.0478 timestamp: 1512306051545
0.0115,-0.0071,-0.9982,-0.0590 timestamp: 1512306051564
0.0101,-0.0089,-0.9972,-0.0731 timestamp: 1512306051585
0.0093,-0.0101,-0.9959,-0.0898 timestamp: 1512306051604
0.0089,-0.0105,-0.9941,-0.1080 timestamp: 1512306051624
0.0090,-0.0104,-0.9919,-0.1262 timestamp: 1512306051644
0.0095,-0.0108,-0.9896,-0.1433 timestamp: 1512306051664
0.0095,-0.0110,-0.9868,-0.1612 timestamp: 1512306051684
0.0091,-0.0119,-0.9833,-0.1815 timestamp: 1512306051709
0.0087,-0.0127,-0.9789,-0.2037 timestamp: 1512306051724
0.0085,-0.0128,-0.9738,-0.2268 timestamp: 1512306051744
0.0084,-0.0128,-0.9680,-0.2504 timestamp: 1512306051764
0.0083,-0.0128,-0.9615,-0.2743 timestamp: 1512306051784
0.0082,-0.0130,-0.9544,-0.2982 timestamp: 1512306051804
0.0081,-0.0132,-0.9460,-0.3238 timestamp: 1512306051824
0.0079,-0.0135,-0.9364,-0.3505 timestamp: 1512306051844
0.0077,-0.0142,-0.9259,-0.3775 timestamp: 1512306051864
0.0076,-0.0148,-0.9145,-0.4041 timestamp: 1512306051884
0.0075,-0.0149,-0.9026,-0.4301 timestamp: 1512306051904
0.0073,-0.0150,-0.8898,-0.4561 timestamp: 1512306051924
0.0070,-0.0150,-0.8757,-0.4825 timestamp: 1512306051944
0.0067,-0.0151,-0.8608,-0.5087 timestamp: 1512306051964
0.0063,-0.0151,-0.8453,-0.5341 timestamp: 1512306051984
0.0061,-0.0151,-0.8292,-0.5587 timestamp: 1512306052004
0.0057,-0.0152,-0.8121,-0.5832 timestamp: 1512306052028
0.0053,-0.0153,-0.7938,-0.6079 timestamp: 1512306052044
0.0051,-0.0153,-0.7751,-0.6317 timestamp: 1512306052064
0.0049,-0.0153,-0.7562,-0.6541 timestamp: 1512306052084
0.0047,-0.0154,-0.7368,-0.6759 timestamp: 1512306052104
0.0044,-0.0154,-0.7166,-0.6973 timestamp: 1512306052124
0.0042,-0.0155,-0.6956,-0.7182 timestamp: 1512306052146
0.0038,-0.0154,-0.6739,-0.7387 timestamp: 1512306052164
0.0035,-0.0154,-0.6516,-0.7584 timestamp: 1512306052184
0.0032,-0.0153,-0.6292,-0.7771 timestamp: 1512306052204
0.0031,-0.0150,-0.6071,-0.7945 timestamp: 1512306052224
0.0029,-0.0148,-0.5847,-0.8111 timestamp: 1512306052244
0.0026,-0.0147,-0.5620,-0.8270 timestamp: 1512306052264
0.0022,-0.0146,-0.5390,-0.8422 timestamp: 1512306052284
0.0019,-0.0146,-0.5169,-0.8559 timestamp: 1512306052304
0.0017,-0.0144,-0.4956,-0.8684 timestamp: 1512306052324
0.0015,-0.0142,-0.4744,-0.8802 timestamp: 1512306052344
0.0013,-0.0140,-0.4537,-0.8910 timestamp: 1512306052363
0.0011,-0.0137,-0.4335,-0.9011 timestamp: 1512306052383
0.0008,-0.0135,-0.4124,-0.9109 timestamp: 1512306052404
0.0007,-0.0134,-0.3913,-0.9202 timestamp: 1512306052423
0.0005,-0.0131,-0.3713,-0.9284 timestamp: 1512306052444
0.0003,-0.0127,-0.3515,-0.9361 timestamp: 1512306052463
0.0002,-0.0126,-0.3315,-0.9434 timestamp: 1512306052483
0.0000,-0.0124,-0.3113,-0.9502 timestamp: 1512306052503
-0.0001,-0.0123,-0.2908,-0.9567 timestamp: 1512306052523
-0.0003,-0.0122,-0.2700,-0.9628 timestamp: 1512306052544
-0.0005,-0.0121,-0.2495,-0.9683 timestamp: 1512306052563
-0.0008,-0.0117,-0.2301,-0.9731 timestamp: 1512306052583
-0.0012,-0.0114,-0.2124,-0.9771 timestamp: 1512306052604
-0.0019,-0.0103,-0.1959,-0.9805 timestamp: 1512306052623
-0.0020,-0.0100,-0.1799,-0.9836 timestamp: 1512306052643
-0.0020,-0.0097,-0.1641,-0.9864 timestamp: 1512306052663
-0.0019,-0.0091,-0.1490,-0.9888 timestamp: 1512306052684
-0.0019,-0.0086,-0.1347,-0.9908 timestamp: 1512306052703
-0.0019,-0.0082,-0.1209,-0.9926 timestamp: 1512306052724
-0.0019,-0.0074,-0.1083,-0.9941 timestamp: 1512306052743
-0.0019,-0.0068,-0.0970,-0.9953 timestamp: 1512306052764
-0.0028,-0.0066,-0.0871,-0.9962 timestamp: 1512306052783
-0.0030,-0.0064,-0.0779,-0.9969 timestamp: 1512306052803
-0.0032,-0.0062,-0.0686,-0.9976 timestamp: 1512306052823
-0.0024,-0.0063,-0.0590,-0.9982 timestamp: 1512306052843
-0.0019,-0.0059,-0.0493,-0.9987 timestamp: 1512306052863
-0.0015,-0.0055,-0.0400,-0.9992 timestamp: 1512306052883
-0.0021,-0.0050,-0.0319,-0.9995 timestamp: 1512306052903
-0.0026,-0.0045,-0.0256,-0.9996 timestamp: 1512306052923
-0.0034,-0.0042,-0.0206,-0.9998 timestamp: 1512306052943
-0.0041,-0.0041,-0.0165,-0.9998 timestamp: 1512306052963
-0.0048,-0.0041,-0.0138,-0.9999 timestamp: 1512306052983
-0.0054,-0.0034,-0.0128,-0.9999 timestamp: 1512306053003
-0.0054,-0.0034,-0.0128,-0.9999 timestamp: 1512306053023
-0.0054,-0.0034,-0.0128,-0.9999 timestamp: 1512306053043
-0.0053,-0.0035,-0.0128,-0.9999 timestamp: 1512306053063
-0.0053,-0.0035,-0.0128,-0.9999 timestamp: 1512306053083
-0.0052,-0.0035,-0.0128,-0.9999 timestamp: 1512306053153
-0.0051,-0.0035,-0.0128,-0.9999 timestamp: 1512306053158
-0.0051,-0.0036,-0.0128,-0.9999 timestamp: 1512306053163
-0.0051,-0.0036,-0.0128,-0.9999 timestamp: 1512306053168
-0.0051,-0.0036,-0.0128,-0.9999 timestamp: 1512306053183
-0.0050,-0.0037,-0.0128,-0.9999 timestamp: 1512306053203
-0.0050,-0.0037,-0.0128,-0.9999 timestamp: 1512306053223
-0.0050,-0.0038,-0.0128,-0.9999 timestamp: 1512306053243
-0.0049,-0.0038,-0.0128,-0.9999 timestamp: 1512306053263
-0.0049,-0.0038,-0.0128,-0.9999 timestamp: 1512306053283
-0.0048,-0.0039,-0.0128,-0.9999 timestamp: 1512306053303
-0.0048,-0.0039,-0.0128,-0.9999 timestamp: 1512306053323
-0.0048,-0.0039,-0.0128,-0.9999 timestamp: 1512306053343
-0.0048,-0.0040,-0.0128,-0.9999 timestamp: 1512306053363
-0.0047,-0.0040,-0.0128,-0.9999 timestamp: 1512306053383
-0.0047,-0.0041,-0.0128,-0.9999 timestamp: 1512306053403
-0.0047,-0.0041,-0.0128,-0.9999 timestamp: 1512306053423
-0.0046,-0.0041,-0.0128,-0.9999 timestamp: 1512306053443
-0.0046,-0.0041,-0.0128,-0.9999 timestamp: 1512306053463
-0.0046,-0.0041,-0.0128,-0.9999 timestamp: 1512306053483
-0.0045,-0.0041,-0.0128,-0.9999 timestamp: 1512306053503
-0.0045,-0.0042,-0.0128,-0.9999 timestamp: 1512306053523
-0.0045,-0.0042,-0.0128,-0.9999 timestamp: 1512306053543
-0.0045,-0.0042,-0.0128,-0.9999 timestamp: 1512306053563
-0.0044,-0.0043,-0.0128,-0.9999 timestamp: 1512306053583
-0.0044,-0.0043,-0.0128,-0.9999 timestamp: 1512306053603
-0.0044,-0.0043,-0.0128,-0.9999 timestamp: 1512306053623
-0.0044,-0.0044,-0.0128,-0.9999 timestamp: 1512306053643
-0.0043,-0.0044,-0.0128,-0.9999 timestamp: 1512306053663
-0.0043,-0.0044,-0.0128,-0.9999 timestamp: 1512306053683
-0.0043,-0.0045,-0.0128,-0.9999 timestamp: 1512306053703
-0.0042,-0.0045,-0.0128,-0.9999 timestamp: 1512306053723
-0.0042,-0.0045,-0.0128,-0.9999 timestamp: 1512306053743
-0.0042,-0.0046,-0.0128,-0.9999 timestamp: 1512306053763
-0.0041,-0.0046,-0.0128,-0.9999 timestamp: 1512306053783
-0.0041,-0.0046,-0.0128,-0.9999 timestamp: 1512306053803
-0.0041,-0.0046,-0.0128,-0.9999 timestamp: 1512306053823
-0.0041,-0.0047,-0.0128,-0.9999 timestamp: 1512306053843
-0.0041,-0.0047,-0.0128,-0.9999 timestamp: 1512306053863
-0.0041,-0.0047,-0.0128,-0.9999 timestamp: 1512306053883
-0.0040,-0.0047,-0.0128,-0.9999 timestamp: 1512306053903
-0.0040,-0.0048,-0.0128,-0.9999 timestamp: 1512306053923
-0.0040,-0.0048,-0.0128,-0.9999 timestamp: 1512306053943
