-0.0024,-0.0069,-0.1714,-0.9852 timestamp: 1512306092670
-0.0024,-0.0069,-0.1714,-0.9852 timestamp: 1512306092682
-0.0024,-0.0069,-0.1714,-0.9852 timestamp: 1512306092702
-0.0024,-0.0070,-0.1714,-0.9852 timestamp: 1512306092722
-0.0024,-0.0070,-0.1714,-0.9852 timestamp: 1512306092742
-0.0024,-0.0070,-0.1714,-0.9852 timestamp: 1512306092763
-0.0024,-0.0070,-0.1714,-0.9852 timestamp: 1512306092782
-0.0024,-0.0070,-0.1714,-0.9852 timestamp: 1512306092802
-0.0024,-0.0071,-0.1714,-0.9852 timestamp: 1512306092822
-0.0024,-0.0071,-0.1714,-0.9852 timestamp: 1512306092842
-0.0024,-0.0071,-0.1714,-0.9852 timestamp: 1512306092862
-0.0024,-0.0071,-0.1714,-0.9852 timestamp: 1512306092882
-0.0024,-0.0071,-0.1714,-0.9852 timestamp: 1512306092902
-0.0024,-0.0071,-0.1714,-0.9852 timestamp: 1512306092922
-0.0024,-0.0071,-0.1714,-0.9852 timestamp: 1512306092942
-0.0024,-0.0071,-0.1714,-0.9852 timestamp: 1512306092962
-0.0024,-0.0071,-0.1714,-0.9852 timestamp: 1512306092982
-0.0024,-0.0071,-0.1714,-0.9852 timestamp: 1512306093002
-0.0024,-0.0071,-0.1714,-0.9852 timestamp: 1512306093022
-0.0024,-0.0071,-0.1714,-0.9852 timestamp: 1512306093042
-0.0024,-0.0071,-0.1714,-0.9852 timestamp: 1512306093062
-0.0024,-0.0071,-0.1714,-0.9852 timestamp: 1512306093082
-0.0023,-0.0071,-0.1714,-0.9852 timestamp: 1512306093102
-0.0023,-0.0072,-0.1714,-0.9852 timestamp: 1512306093122
-0.0023,-0.0072,-0.1714,-0.9852 timestamp: 1512306093142
-0.0023,-0.0072,-0.1714,-0.9852 timestamp: 1512306093162
-0.0023,-0.0072,-0.1714,-0.9852 timestamp: 1512306093182
-0.0023,-0.0072,-0.1714,-0.9852 timestamp: 1512306093202
-0.0023,-0.0073,-0.1714,-0.9852 timestamp: 1512306093222
-0.0023,-0.0073,-0.1714,-0.9852 timestamp: 1512306093242
-0.0023,-0.0073,-0.1714,-0.9852 timestamp: 1512306093262
-0.0021,-0.0074,-0.1710,-0.9852 timestamp: 1512306093282
-0.0018,-0.0083,-0.1689,-0.9856 timestamp: 1512306093302
-0.0016,-0.0092,-0.1650,-0.9863 timestamp: 1512306093322
-0.0011,-0.0093,-0.1602,-0.9870 timestamp: 1512306093342
-0.0005,-0.0097,-0.1547,-0.9879 timestamp: 1512306093362
-0.0000,-0.0100,-0.1483,-0.9889 timestamp: 1512306093382
-0.0002,-0.0103,-0.1414,-0.9899 timestamp: 1512306093402
0.0002,-0.0112,-0.1334,-0.9910 timestamp: 1512306093422
0.0006,-0.0120,-0.1231,-0.9923 timestamp: 1512306093442
0.0013,-0.0124,-0.1103,-0.9938 timestamp: 1512306093462
0.0019,-0.0128,-0.0955,-0.9953 timestamp: 1512306093482
0.0018,-0.0122,-0.0796,-0.9967 timestamp: 1512306093502
0.0014,-0.0118,-0.0633,-0.9979 timestamp: 1512306093523
0.0011,-0.0115,-0.0468,-0.9988 timestamp: 1512306093527
0.0012,-0.0119,-0.0296,-0.9995 timestamp: 1512306093562
0.0010,-0.0120,-0.0113,-0.9999 timestamp: 1512306093582
0.0007,-0.0121,0.0082,-0.9999 timestamp: 1512306093602
0.0006,-0.0122,0.0291,-0.9995 timestamp: 1512306093622
0.0005,-0.0123,0.0511,-0.9986 timestamp: 1512306093642
0.0001,-0.0121,0.0728,-0.9973 timestamp: 1512306093663
-0.0001,-0.0120,0.0945,-0.9955 timestamp: 1512306093682
-0.0004,-0.0118,0.1168,-0.9931 timestamp: 1512306093702
-0.0006,-0.0118,0.1398,-0.9901 timestamp: 1512306093722
-0.0008,-0.0118,0.1630,-0.9865 timestamp: 1512306093742
-0.0012,-0.0117,0.1859,-0.9825 timestamp: 1512306093762
-0.0015,-0.0116,0.2088,-0.9779 timestamp: 1512306093782
-0.0017,-0.0114,0.2321,-0.9726 timestamp: 1512306093802
-0.0020,-0.0113,0.2557,-0.9667 timestamp: 1512306093822
-0.0021,-0.0111,0.2803,-0.9598 timestamp: 1512306093842
-0.0022,-0.0109,0.3052,-0.9522 timestamp: 1512306093862
-0.0027,-0.0107,0.3294,-0.9441 timestamp: 1512306093882
-0.0031,-0.0105,0.3534,-0.9354 timestamp: 1512306093901
-0.0034,-0.0102,0.3774,-0.9260 timestamp: 1512306093921
-0.0037,-0.0099,0.4013,-0.9159 timestamp: 1512306093941
-0.0040,-0.0096,0.4250,-0.9051 timestamp: 1512306093961
-0.0042,-0.0092,0.4486,-0.8937 timestamp: 1512306093981
-0.0044,-0.0088,0.4723,-0.8814 timestamp: 1512306094001
-0.0047,-0.0085,0.4963,-0.8681 timestamp: 1512306094021
-0.0049,-0.0081,0.5205,-0.8538 timestamp: 1512306094041
-0.0051,-0.0078,0.5439,-0.8391 timestamp: 1512306094061
-0.0057,-0.0075,0.5661,-0.8243 timestamp: 1512306094081
-0.0058,-0.0073,0.5878,-0.8089 timestamp: 1512306094101
-0.0060,-0.0071,0.6102,-0.7922 timestamp: 1512306094121
-0.0062,-0.0067,0.6332,-0.7739 timestamp: 1512306094141
-0.0063,-0.0062,0.6554,-0.7552 timestamp: 1512306094162
-0.0070,-0.0057,0.6752,-0.7376 timestamp: 1512306094182
-0.0070,-0.0053,0.6936,-0.7203 timestamp: 1512306094201
-0.0071,-0.0049,0.7127,-0.7014 timestamp: 1512306094221
-0.0071,-0.0045,0.7321,-0.6811 timestamp: 1512306094241
-0.0071,-0.0040,0.7503,-0.6610 timestamp: 1512306094261
-0.0073,-0.0039,0.7677,-0.6408 timestamp: 1512306094282
-0.0076,-0.0035,0.7844,-0.6202 timestamp: 1512306094301
-0.0080,-0.0031,0.8006,-0.5991 timestamp: 1512306094321
-0.0083,-0.0028,0.8162,-0.5777 timestamp: 1512306094342
-0.0087,-0.0025,0.8303,-0.5573 timestamp: 1512306094362
-0.0090,-0.0022,0.8428,-0.5382 timestamp: 1512306094365
-0.0092,-0.0019,0.8545,-0.5194 timestamp: 1512306094382
-0.0094,-0.0016,0.8658,-0.5003 timestamp: 1512306094421
-0.0096,-0.0013,0.8763,-0.4817 timestamp: 1512306094441
-0.0099,-0.0009,0.8855,-0.4645 timestamp: 1512306094461
-0.0102,-0.0004,0.8940,-0.4479 timestamp: 1512306094481
-0.0100,-0.0003,0.9022,-0.4312 timestamp: 1512306094501
-0.0099,-0.0001,0.9100,-0.4145 timestamp: 1512306094505
-0.0100,0.0001,0.9176,-0.3974 timestamp: 1512306094541
-0.0102,0.0003,0.9250,-0.3799 timestamp: 1512306094561
-0.0103,0.0005,0.9317,-0.3630 timestamp: 1512306094581
-0.0104,0.0007,0.9380,-0.3465 timestamp: 1512306094601
-0.0105,0.0010,0.9439,-0.3300 timestamp: 1512306094621
-0.0108,0.0016,0.9495,-0.3136 timestamp: 1512306094641
-0.0108,0.0017,0.9548,-0.2969 timestamp: 1512306094661
-0.0108,0.0018,0.9600,-0.2797 timestamp: 1512306094685
-0.0108,0.0019,0.9648,-0.2627 timestamp: 1512306094688
-0.0112,0.0023,0.9690,-0.2468 timestamp: 1512306094721
-0.0115,0.0027,0.9724,-0.2330 timestamp: 1512306094742
-0.0118,0.0038,0.9754,-0.2202 timestamp: 1512306094761
-0.0121,0.0049,0.9781,-0.2078 timestamp: 1512306094781
-0.0127,0.0052,0.9805,-0.1961 timestamp: 1512306094801
-0.0137,0.0049,0.9825,-0.1859 timestamp: 1512306094805
-0.0146,0.0046,0.9839,-0.1782 timestamp: 1512306094841
-0.0159,0.0037,0.9848,-0.1729 timestamp: 1512306094847
-0.0161,0.0038,0.9856,-0.1685 timestamp: 1512306094862
-0.0162,0.0039,0.9862,-0.1648 timestamp: 1512306094882
-0.0169,0.0036,0.9865,-0.1627 timestamp: 1512306094901
-0.0177,0.0033,0.9866,-0.1621 timestamp: 1512306094921
-0.0177,0.0034,0.9866,-0.1621 timestamp: 1512306094961
-0.0177,0.0034,0.9866,-0.1621 timestamp: 1512306094965
-0.0177,0.0034,0.9866,-0.1621 timestamp: 1512306095001
-0.0176,0.0034,0.9866,-0.1621 timestamp: 1512306095005
-0.0176,0.0035,0.9866,-0.1621 timestamp: 1512306095041
-0.0175,0.0035,0.9866,-0.1621 timestamp: 1512306095061
-0.0175,0.0035,0.9866,-0.1621 timestamp: 1512306095081
-0.0174,0.0035,0.9866,-0.1621 timestamp: 1512306095101
-0.0173,0.0035,0.9866,-0.1621 timestamp: 1512306095121
-0.0173,0.0036,0.9866,-0.1621 timestamp: 1512306095125
-0.0173,0.0036,0.9866,-0.1621 timestamp: 1512306095161
-0.0172,0.0036,0.9866,-0.1621 timestamp: 1512306095165
-0.0172,0.0036,0.9866,-0.1621 timestamp: 1512306095202
-0.0171,0.0036,0.9866,-0.1621 timestamp: 1512306095221
-0.0171,0.0037,0.9866,-0.1621 timestamp: 1512306095241
-0.0171,0.0037,0.9866,-0.1621 timestamp: 1512306095261
-0.0170,0.0037,0.9866,-0.1621 timestamp: 1512306095281
-0.0170,0.0037,0.9866,-0.1621 timestamp: 1512306095301
-0.0169,0.0038,0.9866,-0.1621 timestamp: 1512306095321
-0.0169,0.0038,0.9866,-0.1621 timestamp: 1512306095341
-0.0169,0.0038,0.9866,-0.1621 timestamp: 1512306095361
-0.0168,0.0039,0.9866,-0.1621 timestamp: 1512306095381
-0.0168,0.0039,0.9866,-0.1621 timestamp: 1512306095401
-0.0168,0.0039,0.9866,-0.1621 timestamp: 1512306095421
-0.0167,0.0040,0.9866,-0.1621 timestamp: 1512306095441
-0.0167,0.0041,0.9866,-0.1621 timestamp: 1512306095461
-0.0166,0.0041,0.9866,-0.1621 timestamp: 1512306095481
-0.0166,0.0041,0.9866,-0.1621 timestamp: 1512306095501
-0.0166,0.0041,0.9866,-0.1621 timestamp: 1512306095521
-0.0165,0.0042,0.9866,-0.1621 timestamp: 1512306095541
-0.0165,0.0042,0.9866,-0.1621 timestamp: 1512306095561
-0.0164,0.0042,0.9866,-0.1621 timestamp: 1512306095581
-0.0164,0.0042,0.9866,-0.1621 timestamp: 1512306095601
-0.0163,0.0042,0.9866,-0.1621 timestamp: 1512306095621
-0.0163,0.0043,0.9866,-0.1620 timestamp: 1512306095644
-0.0163,0.0043,0.9866,-0.1620 timestamp: 1512306095661
-0.0162,0.0043,0.9866,-0.1620 timestamp: 1512306095684
-0.0162,0.0043,0.9866,-0.1620 timestamp: 1512306095701
-0.0161,0.0044,0.9866,-0.1620 timestamp: 1512306095721
-0.0161,0.0044,0.9866,-0.1620 timestamp: 1512306095741
-0.0161,0.0044,0.9866,-0.1620 timestamp: 1512306095761
-0.0160,0.0045,0.9866,-0.1620 timestamp: 1512306095784
-0.0159,0.0046,0.9867,-0.1619 timestamp: 1512306095801
-0.0148,0.0054,0.9869,-0.1604 timestamp: 1512306095821
-0.0137,0.0061,0.9875,-0.1568 timestamp: 1512306095840
-0.0124,0.0063,0.9883,-0.1516 timestamp: 1512306095861
-0.0112,0.0066,0.9893,-0.1451 timestamp: 1512306095881
-0.0106,0.0070,0.9904,-0.1376 timestamp: 1512306095900
-0.0099,0.0078,0.9916,-0.1289 timestamp: 1512306095921
-0.0093,0.0086,0.9928,-0.1191 timestamp: 1512306095940
-0.0088,0.0098,0.9940,-0.1083 timestamp: 1512306095961
-0.0082,0.0103,0.9953,-0.0962 timestamp: 1512306095980
-0.0076,0.0108,0.9965,-0.0830 timestamp: 1512306096000
-0.0069,0.0113,0.9976,-0.0680 timestamp: 1512306096021
-0.0061,0.0117,0.9986,-0.0509 timestamp: 1512306096041
-0.0057,0.0119,0.9994,-0.0321 timestamp: 1512306096060
-0.0052,0.0120,0.9998,-0.0121 timestamp: 1512306096080
0.0047,-0.0120,-0.9999,0.0092 timestamp: 1512306096100
0.0044,-0.0122,-0.9994,0.0317 timestamp: 1512306096120
0.0040,-0.0124,-0.9984,0.0558 timestamp: 1512306096140
0.0037,-0.0127,-0.9967,0.0806 timestamp: 1512306096161
0.0036,-0.0129,-0.9943,0.1055 timestamp: 1512306096180
0.0035,-0.0131,-0.9913,0.1306 timestamp: 1512306096200
0.0033,-0.0134,-0.9876,0.1562 timestamp: 1512306096220
0.0033,-0.0136,-0.9831,0.1825 timestamp: 1512306096241
0.0033,-0.0138,-0.9779,0.2087 timestamp: 1512306096260
0.0034,-0.0140,-0.9718,0.2354 timestamp: 1512306096280
0.0034,-0.0141,-0.9645,0.2635 timestamp: 1512306096300
0.0031,-0.0144,-0.9561,0.2925 timestamp: 1512306096320
0.0030,-0.0144,-0.9468,0.3215 timestamp: 1512306096341
0.0029,-0.0144,-0.9365,0.3503 timestamp: 1512306096361
0.0029,-0.0146,-0.9253,0.3789 timestamp: 1512306096380
0.0028,-0.0147,-0.9132,0.4072 timestamp: 1512306096400
0.0029,-0.0148,-0.9003,0.4350 timestamp: 1512306096420
0.0027,-0.0146,-0.8867,0.4622 timestamp: 1512306096440
0.0025,-0.0145,-0.8721,0.4892 timestamp: 1512306096460
0.0023,-0.0144,-0.8566,0.5157 timestamp: 1512306096480
0.0020,-0.0142,-0.8408,0.5412 timestamp: 1512306096500
0.0018,-0.0140,-0.8251,0.5648 timestamp: 1512306096520
0.0016,-0.0134,-0.8105,0.5856 timestamp: 1512306096540
0.0015,-0.0129,-0.7968,0.6041 timestamp: 1512306096560
0.0014,-0.0126,-0.7830,0.6219 timestamp: 1512306096580
0.0012,-0.0128,-0.7678,0.6406 timestamp: 1512306096600
0.0010,-0.0130,-0.7508,0.6604 timestamp: 1512306096620
0.0010,-0.0129,-0.7331,0.6800 timestamp: 1512306096641
0.0009,-0.0127,-0.7153,0.6987 timestamp: 1512306096660
0.0009,-0.0127,-0.6969,0.7171 timestamp: 1512306096680
0.0005,-0.0127,-0.6772,0.7356 timestamp: 1512306096700
0.0002,-0.0127,-0.6564,0.7543 timestamp: 1512306096720
-0.0001,-0.0127,-0.6348,0.7726 timestamp: 1512306096740
-0.0001,-0.0125,-0.6134,0.7897 timestamp: 1512306096760
-0.0001,-0.0123,-0.5920,0.8058 timestamp: 1512306096780
-0.0005,-0.0121,-0.5703,0.8213 timestamp: 1512306096800
-0.0008,-0.0119,-0.5480,0.8364 timestamp: 1512306096820
-0.0010,-0.0117,-0.5258,0.8505 timestamp: 1512306096840
-0.0011,-0.0115,-0.5041,0.8636 timestamp: 1512306096860
-0.0012,-0.0112,-0.4828,0.8757 timestamp: 1512306096880
-0.0016,-0.0108,-0.4623,0.8866 timestamp: 1512306096900
-0.0018,-0.0107,-0.4421,0.8969 timestamp: 1512306096920
-0.0021,-0.0106,-0.4216,0.9067 timestamp: 1512306096940
-0.0023,-0.0104,-0.4016,0.9157 timestamp: 1512306096960
-0.0025,-0.0101,-0.3823,0.9240 timestamp: 1512306096980
-0.0025,-0.0099,-0.3641,0.9313 timestamp: 1512306097000
-0.0027,-0.0095,-0.3477,0.9375 timestamp: 1512306097020
-0.0028,-0.0080,-0.3326,0.9430 timestamp: 1512306097040
-0.0027,-0.0076,-0.3180,0.9480 timestamp: 1512306097060
-0.0026,-0.0073,-0.3046,0.9524 timestamp: 1512306097080
-0.0027,-0.0067,-0.2920,0.9564 timestamp: 1512306097100
-0.0020,-0.0074,-0.2786,0.9604 timestamp: 1512306097120
-0.0012,-0.0080,-0.2653,0.9641 timestamp: 1512306097140
-0.0020,-0.0072,-0.2533,0.9673 timestamp: 1512306097160
-0.0019,-0.0074,-0.2417,0.9703 timestamp: 1512306097180
-0.0018,-0.0076,-0.2298,0.9732 timestamp: 1512306097200
-0.0016,-0.0066,-0.2188,0.9757 timestamp: 1512306097220
-0.0015,-0.0056,-0.2102,0.9776 timestamp: 1512306097240
-0.0023,-0.0047,-0.2031,0.9791 timestamp: 1512306097260
-0.0021,-0.0048,-0.1960,0.9806 timestamp: 1512306097280
-0.0019,-0.0049,-0.1896,0.9818 timestamp: 1512306097300
-0.0026,-0.0039,-0.1848,0.9828 timestamp: 1512306097320
-0.0032,-0.0028,-0.1819,0.9833 timestamp: 1512306097347
-0.0039,-0.0019,-0.1806,0.9835 timestamp: 1512306097360
-0.0040,-0.0017,-0.1800,0.9837 timestamp: 1512306097380
-0.0041,-0.0016,-0.1794,0.9837 timestamp: 1512306097400
-0.0041,-0.0016,-0.1794,0.9837 timestamp: 1512306097420
-0.0041,-0.0016,-0.1794,0.9837 timestamp: 1512306097440
-0.0040,-0.0016,-0.1794,0.9837 timestamp: 1512306097460
-0.0040,-0.0017,-0.1794,0.9837 timestamp: 1512306097480
-0.0040,-0.0017,-0.1794,0.9837 timestamp: 1512306097500
-0.0040,-0.0018,-0.1794,0.9837 timestamp: 1512306097520
-0.0040,-0.0018,-0.1794,0.9837 timestamp: 1512306097540
-0.0039,-0.0019,-0.1794,0.9837 timestamp: 1512306097560
-0.0040,-0.0019,-0.1794,0.9837 timestamp: 1512306097580
-0.0040,-0.0019,-0.1794,0.9837 timestamp: 1512306097600
-0.0039,-0.0019,-0.1794,0.9837 timestamp: 1512306097620
-0.0039,-0.0020,-0.1794,0.9837 timestamp: 1512306097639
-0.0039,-0.0020,-0.1794,0.9837 timestamp: 1512306097659
-0.0038,-0.0021,-0.1794,0.9837 timestamp: 1512306097680
-0.0038,-0.0021,-0.1794,0.9837 timestamp: 1512306097700
-0.0038,-0.0021,-0.1794,0.9837 timestamp: 1512306097720
-0.0037,-0.0022,-0.1794,0.9837 timestamp: 1512306097739
-0.0037,-0.0022,-0.1794,0.9837 timestamp: 1512306097759
-0.0038,-0.0022,-0.1794,0.9837 timestamp: 1512306097780
-0.0037,-0.0022,-0.1794,0.9837 timestamp: 1512306097800
-0.0037,-0.0023,-0.1794,0.9837 timestamp: 1512306097819
-0.0037,-0.0023,-0.1794,0.9837 timestamp: 1512306097839
-0.0036,-0.0024,-0.1794,0.9837 timestamp: 1512306097859
-0.0036,-0.0024,-0.1794,0.9837 timestamp: 1512306097879
-0.0036,-0.0025,-0.1794,0.9837 timestamp: 1512306097899
-0.0035,-0.0025,-0.1794,0.9837 timestamp: 1512306097919
-0.0036,-0.0026,-0.1794,0.9837 timestamp: 1512306097940
-0.0036,-0.0026,-0.1794,0.9837 timestamp: 1512306097959
-0.0035,-0.0026,-0.1794,0.9837 timestamp: 1512306097979
-0.0035,-0.0026,-0.1794,0.9837 timestamp: 1512306097999
-0.0035,-0.0026,-0.1794,0.9837 timestamp: 1512306098019
-0.0035,-0.0027,-0.1794,0.9837 timestamp: 1512306098039
-0.0034,-0.0027,-0.1794,0.9837 timestamp: 1512306098059
-0.0034,-0.0028,-0.1794,0.9837 timestamp: 1512306098079
-0.0035,-0.0028,-0.1794,0.9837 timestamp: 1512306098100
-0.0035,-0.0028,-0.1794,0.9837 timestamp: 1512306098119
-0.0035,-0.0028,-0.1794,0.9837 timestamp: 1512306098139
-0.0034,-0.0029,-0.1794,0.9837 timestamp: 1512306098159
-0.0033,-0.0029,-0.1794,0.9837 timestamp: 1512306098179
-0.0033,-0.0030,-0.1794,0.9837 timestamp: 1512306098199
-0.0033,-0.0030,-0.1794,0.9837 timestamp: 1512306098219
-0.0033,-0.0030,-0.1794,0.9837 timestamp: 1512306098239
-0.0033,-0.0031,-0.1794,0.9837 timestamp: 1512306098259
-0.0033,-0.0031,-0.1794,0.9837 timestamp: 1512306098279
-0.0033,-0.0031,-0.1794,0.9837 timestamp: 1512306098300
