-0.0005,-0.0067,0.0581,-0.9983
-0.0005,-0.0067,0.0581,-0.9983
-0.0005,-0.0067,0.0581,-0.9983
-0.0005,-0.0068,0.0581,-0.9983
-0.0005,-0.0068,0.0581,-0.9983
-0.0004,-0.0068,0.0581,-0.9983
-0.0004,-0.0067,0.0581,-0.9983
-0.0004,-0.0068,0.0581,-0.9983
-0.0004,-0.0068,0.0581,-0.9983
-0.0004,-0.0068,0.0581,-0.9983
-0.0004,-0.0068,0.0581,-0.9983
-0.0004,-0.0068,0.0581,-0.9983
-0.0004,-0.0068,0.0581,-0.9983
-0.0004,-0.0069,0.0581,-0.9983
-0.0004,-0.0069,0.0581,-0.9983
-0.0004,-0.0069,0.0581,-0.9983
-0.0004,-0.0069,0.0581,-0.9983
-0.0004,-0.0069,0.0581,-0.9983
-0.0004,-0.0069,0.0581,-0.9983
-0.0004,-0.0069,0.0581,-0.9983
-0.0004,-0.0070,0.0581,-0.9983
-0.0003,-0.0070,0.0581,-0.9983
-0.0003,-0.0070,0.0581,-0.9983
-0.0003,-0.0070,0.0581,-0.9983
-0.0003,-0.0071,0.0581,-0.9983
-0.0003,-0.0071,0.0581,-0.9983
-0.0002,-0.0072,0.0586,-0.9982
0.0002,-0.0076,0.0601,-0.9982
0.0006,-0.0079,0.0625,-0.9980
0.0010,-0.0083,0.0659,-0.9978
0.0009,-0.0082,0.0694,-0.9975
0.0008,-0.0085,0.0729,-0.9973
0.0008,-0.0087,0.0780,-0.9969
0.0014,-0.0092,0.0856,-0.9963
0.0020,-0.0098,0.0956,-0.9954
0.0023,-0.0103,0.1066,-0.9942
0.0022,-0.0103,0.1178,-0.9930
0.0021,-0.0103,0.1291,-0.9916
0.0022,-0.0108,0.1415,-0.9899
0.0022,-0.0113,0.1560,-0.9877
0.0030,-0.0119,0.1730,-0.9848
0.0030,-0.0120,0.1925,-0.9812
0.0030,-0.0121,0.2136,-0.9768
0.0027,-0.0121,0.2355,-0.9718
0.0025,-0.0121,0.2579,-0.9661
0.0022,-0.0121,0.2808,-0.9597
0.0019,-0.0123,0.3051,-0.9522
0.0015,-0.0125,0.3313,-0.9435
0.0013,-0.0124,0.3583,-0.9335
0.0008,-0.0121,0.3848,-0.9229
0.0004,-0.0118,0.4110,-0.9115
0.0001,-0.0116,0.4374,-0.8992
-0.0002,-0.0114,0.4633,-0.8861
-0.0008,-0.0114,0.4888,-0.8723
-0.0011,-0.0112,0.5146,-0.8574
-0.0014,-0.0111,0.5401,-0.8415
-0.0018,-0.0109,0.5653,-0.8248
-0.0020,-0.0107,0.5906,-0.8069
-0.0022,-0.0105,0.6152,-0.7883
-0.0026,-0.0103,0.6382,-0.7698
-0.0029,-0.0101,0.6599,-0.7513
-0.0033,-0.0097,0.6815,-0.7318
-0.0039,-0.0093,0.7031,-0.7111
-0.0045,-0.0089,0.7231,-0.6907
-0.0049,-0.0085,0.7416,-0.6707
-0.0053,-0.0080,0.7592,-0.6507
-0.0056,-0.0077,0.7756,-0.6312
-0.0056,-0.0075,0.7911,-0.6116
-0.0057,-0.0072,0.8065,-0.5912
-0.0058,-0.0069,0.8219,-0.5695
-0.0061,-0.0066,0.8371,-0.5469
-0.0064,-0.0063,0.8523,-0.5229
-0.0068,-0.0060,0.8674,-0.4974
-0.0071,-0.0056,0.8814,-0.4722
-0.0078,-0.0054,0.8944,-0.4471
-0.0079,-0.0050,0.9072,-0.4206
-0.0080,-0.0046,0.9198,-0.3923
-0.0085,-0.0043,0.9314,-0.3640
-0.0088,-0.0040,0.9418,-0.3360
-0.0092,-0.0037,0.9510,-0.3090
-0.0096,-0.0034,0.9589,-0.2837
-0.0101,-0.0031,0.9658,-0.2590
-0.0102,-0.0026,0.9721,-0.2343
-0.0103,-0.0021,0.9779,-0.2089
-0.0104,-0.0015,0.9830,-0.1835
-0.0108,-0.0013,0.9871,-0.1598
-0.0112,-0.0011,0.9902,-0.1391
-0.0116,-0.0011,0.9926,-0.1213
-0.0123,-0.0010,0.9944,-0.1048
-0.0130,-0.0009,0.9959,-0.0895
-0.0133,-0.0012,0.9971,-0.0754
-0.0129,-0.0011,0.9981,-0.0608
-0.0125,-0.0010,0.9989,-0.0460
-0.0123,-0.0004,0.9994,-0.0316
-0.0122,0.0002,0.9998,-0.0177
-0.0128,0.0005,0.9999,-0.0053
0.0133,-0.0003,-0.9999,0.0053
0.0138,-0.0002,-0.9998,0.0152
0.0143,-0.0005,-0.9996,0.0244
0.0149,-0.0009,-0.9994,0.0318
0.0158,-0.0003,-0.9992,0.0369
0.0166,0.0002,-0.9991,0.0396
0.0174,0.0007,-0.9990,0.0407
0.0177,0.0005,-0.9990,0.0409
0.0177,0.0005,-0.9990,0.0409
0.0176,0.0004,-0.9990,0.0409
0.0176,0.0004,-0.9990,0.0409
0.0176,0.0003,-0.9990,0.0410
0.0175,0.0003,-0.9990,0.0410
0.0175,0.0003,-0.9990,0.0410
0.0174,0.0002,-0.9990,0.0410
0.0174,0.0002,-0.9990,0.0410
0.0174,0.0001,-0.9990,0.0410
0.0173,0.0001,-0.9990,0.0410
0.0173,0.0000,-0.9990,0.0410
0.0173,-0.0000,-0.9990,0.0410
0.0172,-0.0000,-0.9990,0.0410
0.0172,-0.0001,-0.9990,0.0410
0.0171,-0.0001,-0.9990,0.0410
0.0171,-0.0001,-0.9990,0.0410
0.0171,-0.0002,-0.9990,0.0410
0.0170,-0.0002,-0.9990,0.0410
0.0170,-0.0003,-0.9990,0.0410
0.0170,-0.0003,-0.9990,0.0410
0.0169,-0.0004,-0.9990,0.0410
0.0169,-0.0004,-0.9990,0.0410
0.0169,-0.0005,-0.9990,0.0410
0.0168,-0.0005,-0.9990,0.0410
0.0168,-0.0006,-0.9990,0.0410
0.0167,-0.0006,-0.9990,0.0410
0.0167,-0.0006,-0.9990,0.0410
0.0167,-0.0007,-0.9990,0.0410
0.0167,-0.0007,-0.9990,0.0410
0.0167,-0.0007,-0.9990,0.0410
0.0166,-0.0008,-0.9990,0.0410
0.0166,-0.0008,-0.9990,0.0410
0.0166,-0.0008,-0.9990,0.0410
0.0165,-0.0008,-0.9990,0.0410
0.0165,-0.0010,-0.9990,0.0410
0.0161,-0.0015,-0.9990,0.0426
0.0146,-0.0028,-0.9988,0.0473
0.0131,-0.0041,-0.9984,0.0550
0.0110,-0.0055,-0.9978,0.0651
0.0100,-0.0063,-0.9970,0.0768
0.0089,-0.0071,-0.9959,0.0894
0.0090,-0.0076,-0.9946,0.1030
0.0091,-0.0080,-0.9930,0.1173
0.0096,-0.0086,-0.9911,0.1322
0.0097,-0.0099,-0.9888,0.1485
0.0095,-0.0103,-0.9860,0.1660
0.0093,-0.0108,-0.9826,0.1851
0.0087,-0.0111,-0.9784,0.2063
0.0081,-0.0115,-0.9733,0.2290
0.0075,-0.0118,-0.9672,0.2538
0.0068,-0.0121,-0.9594,0.2816
0.0065,-0.0125,-0.9501,0.3115
0.0067,-0.0126,-0.9397,0.3417
0.0068,-0.0128,-0.9286,0.3707
0.0070,-0.0132,-0.9172,0.3982
0.0072,-0.0135,-0.9049,0.4253
0.0074,-0.0139,-0.8918,0.4521
0.0075,-0.0142,-0.8775,0.4793
0.0075,-0.0146,-0.8614,0.5077
0.0072,-0.0147,-0.8437,0.5366
0.0068,-0.0146,-0.8248,0.5653
0.0063,-0.0144,-0.8043,0.5941
0.0061,-0.0141,-0.7826,0.6223
0.0058,-0.0138,-0.7607,0.6490
0.0056,-0.0137,-0.7380,0.6746
0.0054,-0.0141,-0.7139,0.7001
0.0051,-0.0144,-0.6882,0.7253
0.0049,-0.0144,-0.6618,0.7496
0.0048,-0.0144,-0.6356,0.7719
0.0045,-0.0138,-0.6106,0.7918
0.0044,-0.0139,-0.5856,0.8105
0.0043,-0.0139,-0.5600,0.8284
0.0042,-0.0140,-0.5337,0.8455
0.0039,-0.0140,-0.5070,0.8618
0.0037,-0.0139,-0.4807,0.8767
0.0034,-0.0138,-0.4544,0.8907
0.0031,-0.0137,-0.4280,0.9037
0.0026,-0.0135,-0.4025,0.9153
0.0021,-0.0132,-0.3782,0.9256
0.0017,-0.0129,-0.3548,0.9348
0.0015,-0.0125,-0.3321,0.9432
0.0013,-0.0121,-0.3105,0.9505
0.0011,-0.0117,-0.2895,0.9571
0.0010,-0.0117,-0.2689,0.9631
0.0010,-0.0116,-0.2490,0.9684
0.0007,-0.0116,-0.2298,0.9732
0.0005,-0.0115,-0.2111,0.9774
0.0003,-0.0114,-0.1930,0.9811
0.0002,-0.0112,-0.1757,0.9844
0.0006,-0.0104,-0.1596,0.9871
0.0003,-0.0092,-0.1448,0.9894
0.0006,-0.0086,-0.1304,0.9914
0.0008,-0.0080,-0.1149,0.9933
0.0010,-0.0080,-0.0976,0.9952
0.0008,-0.0076,-0.0792,0.9968
0.0007,-0.0063,-0.0621,0.9980
-0.0010,-0.0053,-0.0479,0.9988
-0.0026,-0.0043,-0.0361,0.9993
-0.0033,-0.0041,-0.0257,0.9996
-0.0039,-0.0040,-0.0163,0.9998
-0.0045,-0.0038,-0.0087,0.9999
-0.0048,-0.0033,-0.0025,1.0000
-0.0051,-0.0027,0.0035,1.0000
-0.0047,-0.0028,0.0097,0.9999
-0.0048,-0.0030,0.0160,0.9998
-0.0048,-0.0031,0.0217,0.9997
-0.0057,-0.0029,0.0259,0.9996
-0.0061,-0.0031,0.0290,0.9995
-0.0065,-0.0032,0.0314,0.9995
-0.0066,-0.0032,0.0331,0.9994
-0.0067,-0.0033,0.0336,0.9994
-0.0067,-0.0033,0.0336,0.9994
-0.0067,-0.0033,0.0336,0.9994
-0.0066,-0.0034,0.0336,0.9994
-0.0066,-0.0034,0.0336,0.9994
-0.0066,-0.0034,0.0336,0.9994
-0.0065,-0.0035,0.0336,0.9994
-0.0065,-0.0035,0.0336,0.9994
-0.0064,-0.0035,0.0336,0.9994
-0.0063,-0.0035,0.0336,0.9994
-0.0063,-0.0036,0.0336,0.9994
-0.0062,-0.0037,0.0336,0.9994
-0.0062,-0.0037,0.0336,0.9994
-0.0062,-0.0037,0.0336,0.9994
-0.0061,-0.0038,0.0336,0.9994
-0.0061,-0.0038,0.0336,0.9994
-0.0060,-0.0038,0.0336,0.9994
-0.0060,-0.0038,0.0336,0.9994
-0.0059,-0.0039,0.0336,0.9994
-0.0059,-0.0039,0.0336,0.9994
-0.0059,-0.0040,0.0336,0.9994
-0.0058,-0.0040,0.0336,0.9994
-0.0058,-0.0041,0.0336,0.9994
-0.0057,-0.0041,0.0336,0.9994
-0.0057,-0.0041,0.0336,0.9994
-0.0056,-0.0041,0.0336,0.9994
-0.0056,-0.0041,0.0336,0.9994
-0.0055,-0.0042,0.0336,0.9994
-0.0055,-0.0042,0.0336,0.9994
-0.0054,-0.0042,0.0336,0.9994
-0.0054,-0.0043,0.0336,0.9994
-0.0054,-0.0043,0.0336,0.9994
-0.0054,-0.0043,0.0336,0.9994
-0.0053,-0.0043,0.0336,0.9994
-0.0053,-0.0044,0.0336,0.9994
-0.0053,-0.0044,0.0336,0.9994
-0.0052,-0.0045,0.0336,0.9994
-0.0052,-0.0045,0.0336,0.9994
-0.0051,-0.0045,0.0336,0.9994
-0.0051,-0.0046,0.0336,0.9994
-0.0051,-0.0046,0.0336,0.9994
-0.0050,-0.0046,0.0336,0.9994
-0.0050,-0.0047,0.0336,0.9994
-0.0050,-0.0047,0.0336,0.9994
-0.0049,-0.0047,0.0336,0.9994



































































































































































































































































