-0.0008,-0.0068,-0.0618,0.9981
-0.0008,-0.0069,-0.0618,0.9981
-0.0008,-0.0069,-0.0618,0.9981
-0.0008,-0.0069,-0.0618,0.9981
-0.0008,-0.0069,-0.0618,0.9981
-0.0008,-0.0070,-0.0618,0.9981
-0.0008,-0.0070,-0.0618,0.9981
-0.0008,-0.0070,-0.0618,0.9981
-0.0007,-0.0070,-0.0618,0.9981
-0.0007,-0.0070,-0.0618,0.9981
-0.0007,-0.0070,-0.0618,0.9981
-0.0007,-0.0070,-0.0618,0.9981
-0.0008,-0.0070,-0.0618,0.9981
-0.0008,-0.0070,-0.0618,0.9981
-0.0007,-0.0070,-0.0618,0.9981
-0.0007,-0.0070,-0.0618,0.9981
-0.0007,-0.0070,-0.0618,0.9981
-0.0007,-0.0071,-0.0618,0.9981
-0.0007,-0.0071,-0.0618,0.9981
-0.0007,-0.0071,-0.0618,0.9981
-0.0007,-0.0071,-0.0618,0.9981
-0.0007,-0.0071,-0.0618,0.9981
-0.0007,-0.0072,-0.0618,0.9981
-0.0007,-0.0072,-0.0618,0.9981
-0.0006,-0.0072,-0.0618,0.9981
-0.0002,-0.0078,-0.0611,0.9981
0.0001,-0.0084,-0.0583,0.9983
0.0009,-0.0098,-0.0530,0.9985
0.0008,-0.0097,-0.0468,0.9989
0.0007,-0.0096,-0.0401,0.9991
0.0006,-0.0098,-0.0330,0.9994
0.0005,-0.0099,-0.0250,0.9996
0.0015,-0.0103,-0.0147,0.9998
0.0033,-0.0113,-0.0014,0.9999
0.0050,-0.0123,0.0145,0.9998
0.0048,-0.0124,0.0320,0.9994
0.0046,-0.0125,0.0511,0.9986
0.0043,-0.0125,0.0715,0.9973
0.0040,-0.0127,0.0930,0.9956
0.0036,-0.0128,0.1157,0.9932
0.0033,-0.0128,0.1388,0.9902
0.0030,-0.0128,0.1617,0.9868
0.0027,-0.0128,0.1852,0.9826
0.0025,-0.0129,0.2102,0.9776
0.0023,-0.0129,0.2365,0.9715
0.0021,-0.0128,0.2634,0.9646
0.0017,-0.0127,0.2905,0.9568
0.0013,-0.0126,0.3174,0.9482
0.0009,-0.0125,0.3443,0.9388
0.0006,-0.0124,0.3712,0.9285
0.0003,-0.0122,0.3982,0.9172
0.0000,-0.0122,0.4259,0.9047
-0.0003,-0.0121,0.4542,0.8908
-0.0008,-0.0120,0.4823,0.8759
-0.0013,-0.0117,0.5098,0.8602
-0.0018,-0.0114,0.5371,0.8434
-0.0023,-0.0110,0.5638,0.8258
-0.0028,-0.0106,0.5899,0.8074
-0.0031,-0.0103,0.6155,0.7881
-0.0035,-0.0099,0.6407,0.7677
-0.0038,-0.0095,0.6653,0.7465
-0.0043,-0.0090,0.6890,0.7247
-0.0046,-0.0084,0.7116,0.7025
-0.0048,-0.0079,0.7332,0.6799
-0.0052,-0.0073,0.7538,0.6570
-0.0057,-0.0067,0.7737,0.6335
-0.0059,-0.0062,0.7930,0.6091
-0.0062,-0.0057,0.8117,0.5840
-0.0064,-0.0052,0.8300,0.5577
-0.0065,-0.0047,0.8480,0.5299
-0.0065,-0.0042,0.8650,0.5017
-0.0072,-0.0039,0.8801,0.4747
-0.0078,-0.0037,0.8934,0.4491
-0.0083,-0.0035,0.9055,0.4244
-0.0086,-0.0031,0.9162,0.4007
-0.0087,-0.0027,0.9258,0.3779
-0.0089,-0.0024,0.9348,0.3550
-0.0090,-0.0021,0.9434,0.3315
-0.0092,-0.0018,0.9512,0.3083
-0.0094,-0.0016,0.9584,0.2854
-0.0096,-0.0015,0.9647,0.2632
-0.0098,-0.0013,0.9703,0.2418
-0.0100,-0.0012,0.9752,0.2209
-0.0101,-0.0010,0.9796,0.2006
-0.0103,-0.0007,0.9834,0.1812
-0.0107,-0.0005,0.9865,0.1631
-0.0122,0.0000,0.9891,0.1467
-0.0133,0.0001,0.9912,0.1319
-0.0136,-0.0003,0.9929,0.1184
-0.0139,-0.0008,0.9942,0.1062
-0.0145,-0.0010,0.9954,0.0952
-0.0151,-0.0012,0.9962,0.0858
-0.0160,-0.0009,0.9969,0.0777
-0.0173,-0.0009,0.9973,0.0714
-0.0186,-0.0009,0.9975,0.0677
-0.0203,-0.0010,0.9976,0.0666
-0.0202,-0.0009,0.9976,0.0666
-0.0201,-0.0009,0.9976,0.0666
-0.0201,-0.0008,0.9976,0.0666
-0.0200,-0.0008,0.9976,0.0666
-0.0200,-0.0007,0.9976,0.0666
-0.0200,-0.0007,0.9976,0.0666
-0.0199,-0.0006,0.9976,0.0666
-0.0198,-0.0005,0.9976,0.0666
-0.0198,-0.0004,0.9976,0.0666
-0.0197,-0.0004,0.9976,0.0666
-0.0196,-0.0004,0.9976,0.0666
-0.0195,-0.0004,0.9976,0.0666
-0.0195,-0.0003,0.9976,0.0666
-0.0195,-0.0003,0.9976,0.0666
-0.0195,-0.0003,0.9976,0.0666
-0.0194,-0.0002,0.9976,0.0666
-0.0194,-0.0001,0.9976,0.0666
-0.0193,-0.0000,0.9976,0.0666
-0.0193,0.0000,0.9976,0.0666
-0.0192,0.0001,0.9976,0.0666
-0.0191,0.0001,0.9976,0.0666
-0.0190,0.0001,0.9976,0.0666
-0.0190,0.0001,0.9976,0.0666
-0.0189,0.0002,0.9976,0.0666
-0.0189,0.0002,0.9976,0.0666
-0.0188,0.0003,0.9976,0.0666
-0.0188,0.0004,0.9976,0.0666
-0.0187,0.0004,0.9976,0.0666
-0.0186,0.0004,0.9976,0.0666
-0.0186,0.0004,0.9976,0.0666
-0.0185,0.0004,0.9976,0.0666
-0.0185,0.0005,0.9976,0.0666
-0.0185,0.0005,0.9976,0.0666
-0.0184,0.0006,0.9976,0.0666
-0.0184,0.0006,0.9976,0.0666
-0.0183,0.0007,0.9976,0.0666
-0.0183,0.0008,0.9976,0.0666
-0.0183,0.0008,0.9976,0.0666
-0.0182,0.0008,0.9976,0.0666
-0.0176,0.0013,0.9976,0.0663
-0.0169,0.0019,0.9978,0.0647
-0.0161,0.0032,0.9980,0.0615
-0.0152,0.0045,0.9983,0.0568
-0.0150,0.0049,0.9985,0.0525
-0.0151,0.0047,0.9987,0.0491
-0.0152,0.0045,0.9989,0.0452
-0.0146,0.0050,0.9991,0.0400
-0.0139,0.0054,0.9993,0.0334
-0.0133,0.0059,0.9996,0.0252
-0.0124,0.0070,0.9998,0.0146
-0.0115,0.0081,0.9999,0.0012
0.0101,-0.0098,-0.9998,-0.0146
0.0097,-0.0100,-0.9994,-0.0322
0.0092,-0.0102,-0.9986,-0.0507
0.0090,-0.0103,-0.9975,-0.0695
0.0087,-0.0104,-0.9959,-0.0895
0.0083,-0.0109,-0.9937,-0.1114
0.0080,-0.0112,-0.9907,-0.1351
0.0077,-0.0116,-0.9870,-0.1600
0.0075,-0.0119,-0.9825,-0.1855
0.0076,-0.0121,-0.9774,-0.2110
0.0076,-0.0124,-0.9715,-0.2367
0.0073,-0.0127,-0.9646,-0.2634
0.0070,-0.0131,-0.9563,-0.2920
0.0066,-0.0134,-0.9468,-0.3215
0.0063,-0.0136,-0.9361,-0.3513
0.0060,-0.0137,-0.9239,-0.3823
0.0058,-0.0139,-0.9105,-0.4133
0.0056,-0.0140,-0.8961,-0.4435
0.0057,-0.0142,-0.8809,-0.4730
0.0057,-0.0142,-0.8650,-0.5015
0.0057,-0.0143,-0.8478,-0.5300
0.0054,-0.0146,-0.8292,-0.5588
0.0053,-0.0147,-0.8095,-0.5869
0.0052,-0.0148,-0.7892,-0.6139
0.0050,-0.0148,-0.7682,-0.6400
0.0049,-0.0148,-0.7469,-0.6648
0.0048,-0.0146,-0.7253,-0.6882
0.0045,-0.0144,-0.7035,-0.7105
0.0041,-0.0142,-0.6816,-0.7316
0.0038,-0.0141,-0.6594,-0.7516
0.0038,-0.0141,-0.6362,-0.7714
0.0038,-0.0142,-0.6113,-0.7913
0.0036,-0.0139,-0.5866,-0.8098
0.0035,-0.0136,-0.5641,-0.8256
0.0032,-0.0132,-0.5432,-0.8395
0.0027,-0.0132,-0.5227,-0.8524
0.0021,-0.0132,-0.5017,-0.8649
0.0018,-0.0133,-0.4791,-0.8776
0.0015,-0.0135,-0.4561,-0.8898
0.0012,-0.0133,-0.4343,-0.9007
0.0011,-0.0130,-0.4139,-0.9102
0.0011,-0.0127,-0.3936,-0.9192
0.0009,-0.0126,-0.3733,-0.9276
0.0006,-0.0124,-0.3535,-0.9353
0.0003,-0.0123,-0.3342,-0.9424
0.0001,-0.0123,-0.3153,-0.9489
-0.0000,-0.0123,-0.2970,-0.9548
-0.0002,-0.0120,-0.2792,-0.9602
-0.0003,-0.0119,-0.2613,-0.9652
-0.0004,-0.0118,-0.2440,-0.9697
-0.0007,-0.0105,-0.2280,-0.9736
-0.0009,-0.0092,-0.2137,-0.9768
-0.0009,-0.0074,-0.2005,-0.9796
-0.0006,-0.0074,-0.1870,-0.9823
-0.0003,-0.0074,-0.1733,-0.9848
-0.0011,-0.0077,-0.1600,-0.9871
-0.0015,-0.0070,-0.1474,-0.9890
-0.0020,-0.0063,-0.1364,-0.9906
-0.0023,-0.0053,-0.1271,-0.9919
-0.0026,-0.0042,-0.1200,-0.9928
-0.0034,-0.0028,-0.1155,-0.9933
-0.0043,-0.0017,-0.1136,-0.9935
-0.0052,-0.0007,-0.1133,-0.9935
-0.0052,-0.0007,-0.1133,-0.9935
-0.0052,-0.0008,-0.1133,-0.9935
-0.0051,-0.0009,-0.1133,-0.9935
-0.0051,-0.0009,-0.1133,-0.9935
-0.0051,-0.0010,-0.1133,-0.9935
-0.0051,-0.0010,-0.1133,-0.9935
-0.0044,-0.0019,-0.1124,-0.9936
-0.0037,-0.0027,-0.1104,-0.9939
-0.0033,-0.0034,-0.1075,-0.9942
-0.0029,-0.0040,-0.1038,-0.9946
-0.0031,-0.0045,-0.0999,-0.9950
-0.0032,-0.0042,-0.0966,-0.9953
-0.0033,-0.0038,-0.0939,-0.9956
-0.0032,-0.0034,-0.0917,-0.9958
-0.0031,-0.0032,-0.0896,-0.9960
-0.0031,-0.0031,-0.0877,-0.9961
-0.0035,-0.0026,-0.0867,-0.9962
-0.0036,-0.0025,-0.0867,-0.9962
-0.0037,-0.0025,-0.0867,-0.9962
-0.0037,-0.0026,-0.0867,-0.9962
-0.0037,-0.0027,-0.0867,-0.9962
-0.0037,-0.0027,-0.0867,-0.9962
-0.0037,-0.0028,-0.0867,-0.9962
-0.0036,-0.0028,-0.0867,-0.9962
-0.0036,-0.0028,-0.0867,-0.9962
-0.0035,-0.0028,-0.0867,-0.9962
-0.0035,-0.0028,-0.0867,-0.9962
-0.0036,-0.0029,-0.0867,-0.9962
-0.0036,-0.0029,-0.0867,-0.9962
-0.0035,-0.0030,-0.0867,-0.9962
-0.0035,-0.0030,-0.0867,-0.9962
-0.0035,-0.0030,-0.0867,-0.9962
-0.0034,-0.0030,-0.0867,-0.9962
-0.0034,-0.0030,-0.0867,-0.9962
-0.0034,-0.0030,-0.0867,-0.9962
-0.0034,-0.0031,-0.0867,-0.9962
-0.0034,-0.0031,-0.0867,-0.9962
-0.0034,-0.0031,-0.0867,-0.9962
-0.0034,-0.0032,-0.0867,-0.9962
-0.0034,-0.0032,-0.0867,-0.9962
-0.0033,-0.0032,-0.0867,-0.9962
-0.0033,-0.0032,-0.0867,-0.9962
-0.0032,-0.0032,-0.0867,-0.9962
-0.0032,-0.0032,-0.0867,-0.9962
-0.0032,-0.0033,-0.0867,-0.9962
-0.0032,-0.0033,-0.0867,-0.9962
-0.0032,-0.0034,-0.0867,-0.9962
-0.0032,-0.0035,-0.0867,-0.9962
-0.0032,-0.0035,-0.0867,-0.9962












































































































































































































































































