0.0086,0.0133,-0.9249,0.3799 timestamp: 1512295039207
0.0086,0.0133,-0.9249,0.3799 timestamp: 1512295039209
0.0086,0.0133,-0.9248,0.3801 timestamp: 1512295039210
0.0086,0.0133,-0.9249,0.3799 timestamp: 1512295039212
0.0086,0.0133,-0.9249,0.3799 timestamp: 1512295039213
0.0086,0.0133,-0.9249,0.3799 timestamp: 1512295039215
0.0086,0.0133,-0.9249,0.3799 timestamp: 1512295039216
0.0086,0.0133,-0.9250,0.3796 timestamp: 1512295039217
0.0085,0.0133,-0.9250,0.3796 timestamp: 1512295039218
0.0085,0.0133,-0.9250,0.3796 timestamp: 1512295039231
0.0085,0.0133,-0.9250,0.3796 timestamp: 1512295039233
0.0085,0.0133,-0.9251,0.3794 timestamp: 1512295039246
0.0085,0.0133,-0.9251,0.3794 timestamp: 1512295039267
0.0085,0.0133,-0.9252,0.3792 timestamp: 1512295039286
0.0085,0.0133,-0.9252,0.3792 timestamp: 1512295039307
0.0085,0.0133,-0.9252,0.3792 timestamp: 1512295039328
0.0085,0.0133,-0.9252,0.3792 timestamp: 1512295039347
0.0085,0.0133,-0.9252,0.3792 timestamp: 1512295039387
0.0085,0.0133,-0.9253,0.3789 timestamp: 1512295039389
0.0085,0.0133,-0.9253,0.3789 timestamp: 1512295039427
0.0085,0.0133,-0.9253,0.3789 timestamp: 1512295039432
0.0085,0.0133,-0.9253,0.3789 timestamp: 1512295039467
0.0085,0.0133,-0.9253,0.3789 timestamp: 1512295039469
0.0085,0.0133,-0.9253,0.3789 timestamp: 1512295039487
0.0085,0.0133,-0.9254,0.3787 timestamp: 1512295039527
0.0085,0.0133,-0.9253,0.3789 timestamp: 1512295039529
0.0085,0.0133,-0.9253,0.3789 timestamp: 1512295039549
0.0085,0.0133,-0.9253,0.3789 timestamp: 1512295039587
0.0085,0.0133,-0.9253,0.3789 timestamp: 1512295039607
0.0085,0.0133,-0.9253,0.3789 timestamp: 1512295039626
0.0085,0.0133,-0.9253,0.3789 timestamp: 1512295039649
0.0085,0.0133,-0.9253,0.3789 timestamp: 1512295039668
0.0085,0.0133,-0.9254,0.3787 timestamp: 1512295039707
0.0085,0.0133,-0.9254,0.3787 timestamp: 1512295039709
0.0085,0.0133,-0.9254,0.3787 timestamp: 1512295039747
0.0085,0.0133,-0.9253,0.3789 timestamp: 1512295039749
0.0086,0.0133,-0.9253,0.3789 timestamp: 1512295039768
0.0086,0.0133,-0.9245,0.3809 timestamp: 1512295039788
0.0087,0.0133,-0.9230,0.3845 timestamp: 1512295039806
0.0087,0.0133,-0.9209,0.3895 timestamp: 1512295039827
0.0088,0.0132,-0.9169,0.3988 timestamp: 1512295039847
0.0088,0.0131,-0.9137,0.4061 timestamp: 1512295039867
0.0089,0.0130,-0.9098,0.4147 timestamp: 1512295039887
0.0091,0.0130,-0.9049,0.4253 timestamp: 1512295039907
0.0092,0.0129,-0.8992,0.4373 timestamp: 1512295039926
0.0093,0.0128,-0.8930,0.4498 timestamp: 1512295039949
0.0095,0.0127,-0.8866,0.4623 timestamp: 1512295039967
0.0096,0.0126,-0.8798,0.4751 timestamp: 1512295039987
0.0098,0.0125,-0.8724,0.4885 timestamp: 1512295040007
0.0100,0.0124,-0.8638,0.5036 timestamp: 1512295040026
0.0103,0.0123,-0.8526,0.5223 timestamp: 1512295040047
0.0106,0.0123,-0.8409,0.5409 timestamp: 1512295040087
0.0109,0.0121,-0.8234,0.5672 timestamp: 1512295040090
0.0111,0.0119,-0.8110,0.5848 timestamp: 1512295040107
0.0113,0.0117,-0.7981,0.6023 timestamp: 1512295040127
0.0115,0.0115,-0.7805,0.6249 timestamp: 1512295040146
0.0118,0.0112,-0.7598,0.6500 timestamp: 1512295040167
0.0120,0.0109,-0.7428,0.6693 timestamp: 1512295040187
0.0122,0.0107,-0.7263,0.6872 timestamp: 1512295040207
0.0123,0.0105,-0.7125,0.7015 timestamp: 1512295040227
0.0126,0.0102,-0.6934,0.7204 timestamp: 1512295040250
0.0130,0.0099,-0.6690,0.7431 timestamp: 1512295040267
0.0131,0.0095,-0.6499,0.7598 timestamp: 1512295040286
0.0133,0.0093,-0.6306,0.7759 timestamp: 1512295040307
0.0135,0.0088,-0.5941,0.8042 timestamp: 1512295040347
0.0137,0.0086,-0.5725,0.8197 timestamp: 1512295040367
0.0138,0.0081,-0.5482,0.8362 timestamp: 1512295040387
0.0140,0.0078,-0.5231,0.8521 timestamp: 1512295040407
0.0141,0.0076,-0.4985,0.8667 timestamp: 1512295040426
0.0143,0.0073,-0.4747,0.8800 timestamp: 1512295040447
0.0144,0.0069,-0.4502,0.8928 timestamp: 1512295040466
0.0144,0.0064,-0.4104,0.9118 timestamp: 1512295040486
0.0145,0.0060,-0.3829,0.9237 timestamp: 1512295040507
0.0147,0.0053,-0.3464,0.9380 timestamp: 1512295040526
0.0148,0.0047,-0.3121,0.9499 timestamp: 1512295040546
0.0149,0.0041,-0.2726,0.9620 timestamp: 1512295040587
0.0149,0.0036,-0.2326,0.9725 timestamp: 1512295040589
0.0147,0.0029,-0.1826,0.9831 timestamp: 1512295040627
0.0147,0.0024,-0.1530,0.9881 timestamp: 1512295040630
0.0146,0.0020,-0.1256,0.9920 timestamp: 1512295040667
0.0146,0.0016,-0.0987,0.9950 timestamp: 1512295040670
0.0145,0.0012,-0.0734,0.9972 timestamp: 1512295040687
0.0144,0.0008,-0.0480,0.9987 timestamp: 1512295040707
0.0143,0.0005,-0.0212,0.9997 timestamp: 1512295040728
0.0142,0.0000,0.0057,0.9999 timestamp: 1512295040747
0.0141,-0.0001,0.0311,0.9994 timestamp: 1512295040771
0.0140,-0.0005,0.0557,0.9983 timestamp: 1512295040786
0.0139,-0.0009,0.0800,0.9967 timestamp: 1512295040807
0.0138,-0.0012,0.1035,0.9945 timestamp: 1512295040827
0.0137,-0.0015,0.1248,0.9921 timestamp: 1512295040866
0.0133,-0.0021,0.1622,0.9867 timestamp: 1512295040868
0.0132,-0.0024,0.1848,0.9827 timestamp: 1512295040886
0.0131,-0.0027,0.2087,0.9779 timestamp: 1512295040906
0.0129,-0.0031,0.2333,0.9723 timestamp: 1512295040927
0.0127,-0.0035,0.2573,0.9662 timestamp: 1512295040948
0.0127,-0.0039,0.2795,0.9601 timestamp: 1512295040987
0.0126,-0.0043,0.3048,0.9523 timestamp: 1512295040991
0.0125,-0.0046,0.3294,0.9441 timestamp: 1512295041006
0.0122,-0.0049,0.3517,0.9360 timestamp: 1512295041027
0.0121,-0.0052,0.3745,0.9271 timestamp: 1512295041049
0.0118,-0.0055,0.3985,0.9171 timestamp: 1512295041066
0.0116,-0.0060,0.4231,0.9060 timestamp: 1512295041106
0.0113,-0.0065,0.4582,0.8888 timestamp: 1512295041128
0.0112,-0.0068,0.4764,0.8791 timestamp: 1512295041148
0.0109,-0.0071,0.4944,0.8691 timestamp: 1512295041168
0.0107,-0.0071,0.5054,0.8628 timestamp: 1512295041207
0.0106,-0.0074,0.5209,0.8535 timestamp: 1512295041211
0.0104,-0.0076,0.5322,0.8465 timestamp: 1512295041228
0.0107,-0.0081,0.5378,0.8430 timestamp: 1512295041248
0.0107,-0.0080,0.5337,0.8456 timestamp: 1512295041266
0.0107,-0.0079,0.5333,0.8458 timestamp: 1512295041287
0.0107,-0.0079,0.5331,0.8459 timestamp: 1512295041307
0.0107,-0.0079,0.5329,0.8461 timestamp: 1512295041328
0.0106,-0.0078,0.5335,0.8457 timestamp: 1512295041347
0.0106,-0.0078,0.5333,0.8458 timestamp: 1512295041388
0.0106,-0.0077,0.5330,0.8460 timestamp: 1512295041390
0.0106,-0.0076,0.5335,0.8457 timestamp: 1512295041407
0.0106,-0.0076,0.5330,0.8460 timestamp: 1512295041427
0.0106,-0.0075,0.5322,0.8465 timestamp: 1512295041467
0.0105,-0.0075,0.5317,0.8468 timestamp: 1512295041471
0.0105,-0.0074,0.5315,0.8470 timestamp: 1512295041487
0.0105,-0.0074,0.5323,0.8465 timestamp: 1512295041507
0.0105,-0.0073,0.5331,0.8460 timestamp: 1512295041529
0.0105,-0.0073,0.5333,0.8458 timestamp: 1512295041547
0.0105,-0.0072,0.5333,0.8458 timestamp: 1512295041567
0.0105,-0.0072,0.5333,0.8458 timestamp: 1512295041587
0.0105,-0.0071,0.5330,0.8460 timestamp: 1512295041607
0.0105,-0.0071,0.5321,0.8466 timestamp: 1512295041627
0.0104,-0.0070,0.5319,0.8467 timestamp: 1512295041649
0.0103,-0.0069,0.5340,0.8454 timestamp: 1512295041668
0.0104,-0.0071,0.5381,0.8428 timestamp: 1512295041707
0.0103,-0.0071,0.5398,0.8417 timestamp: 1512295041710
0.0103,-0.0069,0.5397,0.8418 timestamp: 1512295041732
0.0102,-0.0069,0.5407,0.8411 timestamp: 1512295041748
0.0100,-0.0067,0.5439,0.8391 timestamp: 1512295041787
0.0098,-0.0066,0.5498,0.8352 timestamp: 1512295041789
0.0097,-0.0067,0.5592,0.8289 timestamp: 1512295041806
0.0095,-0.0069,0.5731,0.8194 timestamp: 1512295041831
0.0093,-0.0072,0.5899,0.8074 timestamp: 1512295041849
0.0090,-0.0074,0.6076,0.7942 timestamp: 1512295041870
0.0088,-0.0076,0.6251,0.7805 timestamp: 1512295041889
0.0084,-0.0080,0.6531,0.7572 timestamp: 1512295041928
0.0080,-0.0082,0.6735,0.7391 timestamp: 1512295041947
0.0077,-0.0086,0.6961,0.7179 timestamp: 1512295041968
0.0073,-0.0089,0.7194,0.6945 timestamp: 1512295041987
0.0069,-0.0093,0.7414,0.6710 timestamp: 1512295042006
0.0064,-0.0095,0.7615,0.6481 timestamp: 1512295042027
0.0059,-0.0097,0.7802,0.6254 timestamp: 1512295042048
0.0056,-0.0098,0.7915,0.6111 timestamp: 1512295042087
0.0052,-0.0100,0.8017,0.5976 timestamp: 1512295042093
0.0049,-0.0103,0.8217,0.5698 timestamp: 1512295042107
0.0045,-0.0106,0.8406,0.5415 timestamp: 1512295042127
0.0041,-0.0108,0.8569,0.5154 timestamp: 1512295042167
0.0040,-0.0109,0.8618,0.5071 timestamp: 1512295042171
0.0034,-0.0114,0.8863,0.4630 timestamp: 1512295042187
0.0030,-0.0116,0.9014,0.4328 timestamp: 1512295042207
0.0030,-0.0115,0.9067,0.4216 timestamp: 1512295042247
0.0025,-0.0117,0.9193,0.3934 timestamp: 1512295042250
0.0020,-0.0119,0.9309,0.3651 timestamp: 1512295042266
0.0018,-0.0121,0.9354,0.3534 timestamp: 1512295042307
0.0014,-0.0122,0.9447,0.3277 timestamp: 1512295042311
0.0013,-0.0123,0.9475,0.3195 timestamp: 1512295042327
0.0010,-0.0125,0.9550,0.2963 timestamp: 1512295042348
0.0006,-0.0126,0.9617,0.2738 timestamp: 1512295042367
0.0003,-0.0127,0.9676,0.2522 timestamp: 1512295042386
0.0000,-0.0128,0.9729,0.2309 timestamp: 1512295042407
-0.0002,-0.0129,0.9779,0.2087 timestamp: 1512295042430
-0.0007,-0.0130,0.9852,0.1709 timestamp: 1512295042447
-0.0006,-0.0129,0.9856,0.1686 timestamp: 1512295042467
-0.0007,-0.0130,0.9879,0.1545 timestamp: 1512295042486
-0.0010,-0.0131,0.9911,0.1325 timestamp: 1512295042507
-0.0013,-0.0130,0.9939,0.1095 timestamp: 1512295042528
-0.0015,-0.0130,0.9962,0.0861 timestamp: 1512295042567
-0.0019,-0.0131,0.9978,0.0650 timestamp: 1512295042572
-0.0020,-0.0132,0.9985,0.0531 timestamp: 1512295042587
-0.0022,-0.0132,0.9993,0.0349 timestamp: 1512295042611
-0.0025,-0.0133,0.9998,0.0147 timestamp: 1512295042627
0.0028,0.0133,-0.9998,0.0147 timestamp: 1512295042647
0.0030,0.0134,-0.9996,0.0247 timestamp: 1512295042689
0.0032,0.0134,-0.9991,0.0401 timestamp: 1512295042707
0.0035,0.0134,-0.9982,0.0584 timestamp: 1512295042727
0.0037,0.0134,-0.9973,0.0721 timestamp: 1512295042746
0.0039,0.0134,-0.9963,0.0848 timestamp: 1512295042766
0.0039,0.0135,-0.9953,0.0958 timestamp: 1512295042787
0.0040,0.0134,-0.9942,0.1066 timestamp: 1512295042827
0.0041,0.0135,-0.9931,0.1164 timestamp: 1512295042831
0.0042,0.0135,-0.9919,0.1262 timestamp: 1512295042847
0.0043,0.0135,-0.9905,0.1368 timestamp: 1512295042887
0.0045,0.0135,-0.9889,0.1479 timestamp: 1512295042889
0.0046,0.0135,-0.9879,0.1544 timestamp: 1512295042907
0.0047,0.0134,-0.9868,0.1613 timestamp: 1512295042926
0.0049,0.0134,-0.9850,0.1720 timestamp: 1512295042947
0.0052,0.0134,-0.9832,0.1820 timestamp: 1512295042967
0.0053,0.0134,-0.9806,0.1955 timestamp: 1512295042986
0.0053,0.0133,-0.9787,0.2048 timestamp: 1512295043006
0.0054,0.0132,-0.9762,0.2164 timestamp: 1512295043028
0.0056,0.0130,-0.9738,0.2270 timestamp: 1512295043067
0.0058,0.0130,-0.9713,0.2374 timestamp: 1512295043070
0.0059,0.0130,-0.9694,0.2451 timestamp: 1512295043087
0.0059,0.0130,-0.9680,0.2505 timestamp: 1512295043127
0.0060,0.0129,-0.9661,0.2578 timestamp: 1512295043130
0.0061,0.0129,-0.9639,0.2659 timestamp: 1512295043147
0.0063,0.0129,-0.9620,0.2727 timestamp: 1512295043187
0.0063,0.0129,-0.9606,0.2776 timestamp: 1512295043191
0.0063,0.0129,-0.9590,0.2830 timestamp: 1512295043215
0.0064,0.0128,-0.9578,0.2871 timestamp: 1512295043228
0.0065,0.0128,-0.9563,0.2920 timestamp: 1512295043247
0.0065,0.0128,-0.9550,0.2963 timestamp: 1512295043290
0.0066,0.0128,-0.9543,0.2985 timestamp: 1512295043295
0.0066,0.0128,-0.9538,0.3001 timestamp: 1512295043310
0.0066,0.0129,-0.9535,0.3010 timestamp: 1512295043331
0.0066,0.0129,-0.9535,0.3010 timestamp: 1512295043367
0.0066,0.0128,-0.9529,0.3029 timestamp: 1512295043369
0.0066,0.0127,-0.9514,0.3076 timestamp: 1512295043427
0.0067,0.0127,-0.9503,0.3110 timestamp: 1512295043429
0.0068,0.0128,-0.9498,0.3125 timestamp: 1512295043447
0.0069,0.0129,-0.9492,0.3143 timestamp: 1512295043470
0.0069,0.0127,-0.9482,0.3173 timestamp: 1512295043507
0.0070,0.0127,-0.9477,0.3188 timestamp: 1512295043510
0.0070,0.0127,-0.9473,0.3200 timestamp: 1512295043531
0.0070,0.0127,-0.9471,0.3206 timestamp: 1512295043548
0.0070,0.0127,-0.9471,0.3206 timestamp: 1512295043566
0.0070,0.0127,-0.9469,0.3212 timestamp: 1512295043591
0.0071,0.0127,-0.9467,0.3218 timestamp: 1512295043606
0.0071,0.0127,-0.9464,0.3227 timestamp: 1512295043627
0.0071,0.0127,-0.9459,0.3241 timestamp: 1512295043647
0.0071,0.0127,-0.9452,0.3262 timestamp: 1512295043687
0.0072,0.0128,-0.9444,0.3285 timestamp: 1512295043689
0.0072,0.0128,-0.9435,0.3310 timestamp: 1512295043707
0.0073,0.0127,-0.9429,0.3328 timestamp: 1512295043726
0.0072,0.0127,-0.9426,0.3336 timestamp: 1512295043747
0.0072,0.0127,-0.9424,0.3342 timestamp: 1512295043767
0.0072,0.0127,-0.9420,0.3353 timestamp: 1512295043786
0.0072,0.0127,-0.9417,0.3361 timestamp: 1512295043806
0.0073,0.0126,-0.9415,0.3367 timestamp: 1512295043827
0.0073,0.0127,-0.9414,0.3370 timestamp: 1512295043846
0.0073,0.0127,-0.9414,0.3370 timestamp: 1512295043866
0.0073,0.0127,-0.9413,0.3373 timestamp: 1512295043888
0.0073,0.0127,-0.9412,0.3375 timestamp: 1512295043906
0.0073,0.0127,-0.9410,0.3381 timestamp: 1512295043926
0.0073,0.0127,-0.9410,0.3381 timestamp: 1512295043947
0.0073,0.0127,-0.9412,0.3375 timestamp: 1512295043967
0.0073,0.0127,-0.9417,0.3361 timestamp: 1512295044009
0.0073,0.0127,-0.9419,0.3356 timestamp: 1512295044012
0.0073,0.0127,-0.9420,0.3353 timestamp: 1512295044026
0.0073,0.0127,-0.9419,0.3356 timestamp: 1512295044046
0.0073,0.0127,-0.9420,0.3353 timestamp: 1512295044067
0.0073,0.0127,-0.9420,0.3353 timestamp: 1512295044086
0.0073,0.0127,-0.9419,0.3356 timestamp: 1512295044106
0.0073,0.0127,-0.9420,0.3353 timestamp: 1512295044128
0.0073,0.0127,-0.9420,0.3353 timestamp: 1512295044166
0.0073,0.0127,-0.9420,0.3353 timestamp: 1512295044186
0.0073,0.0127,-0.9421,0.3350 timestamp: 1512295044207
0.0073,0.0127,-0.9423,0.3344 timestamp: 1512295044226
0.0073,0.0127,-0.9423,0.3344 timestamp: 1512295044249
0.0073,0.0127,-0.9422,0.3347 timestamp: 1512295044267
0.0073,0.0127,-0.9423,0.3344 timestamp: 1512295044288
0.0073,0.0127,-0.9425,0.3339 timestamp: 1512295044308
0.0074,0.0127,-0.9425,0.3339 timestamp: 1512295044330
0.0074,0.0127,-0.9423,0.3344 timestamp: 1512295044355
0.0074,0.0127,-0.9422,0.3347 timestamp: 1512295044367
0.0074,0.0127,-0.9423,0.3344 timestamp: 1512295044388
0.0074,0.0127,-0.9423,0.3344 timestamp: 1512295044408
0.0074,0.0127,-0.9424,0.3342 timestamp: 1512295044426
0.0074,0.0127,-0.9424,0.3342 timestamp: 1512295044447
0.0074,0.0127,-0.9422,0.3347 timestamp: 1512295044467
0.0074,0.0127,-0.9422,0.3347 timestamp: 1512295044487
0.0074,0.0127,-0.9422,0.3347 timestamp: 1512295044507
0.0074,0.0127,-0.9422,0.3347 timestamp: 1512295044527
0.0074,0.0127,-0.9422,0.3347 timestamp: 1512295044547
0.0074,0.0127,-0.9422,0.3347 timestamp: 1512295044567
0.0076,0.0128,-0.9422,0.3347 timestamp: 1512295044587
0.0126,0.0144,-0.9421,0.3348 timestamp: 1512295044628
0.0085,0.0130,-0.9423,0.3344 timestamp: 1512295044630
0.0109,0.0137,-0.9423,0.3343 timestamp: 1512295044647
0.0101,0.0135,-0.9424,0.3341 timestamp: 1512295044667
