0.0081,0.0130,-0.9247,0.3804 timestamp: 1512295055408
0.0084,0.0131,-0.9246,0.3806 timestamp: 1512295055426
0.0085,0.0132,-0.9247,0.3804 timestamp: 1512295055446
0.0086,0.0132,-0.9247,0.3804 timestamp: 1512295055467
0.0086,0.0132,-0.9247,0.3804 timestamp: 1512295055486
0.0086,0.0132,-0.9247,0.3804 timestamp: 1512295055506
0.0085,0.0132,-0.9247,0.3804 timestamp: 1512295055527
0.0086,0.0132,-0.9247,0.3804 timestamp: 1512295055546
0.0086,0.0132,-0.9247,0.3804 timestamp: 1512295055567
0.0086,0.0132,-0.9248,0.3801 timestamp: 1512295055607
0.0086,0.0132,-0.9248,0.3801 timestamp: 1512295055609
0.0086,0.0132,-0.9248,0.3801 timestamp: 1512295055626
0.0086,0.0132,-0.9248,0.3801 timestamp: 1512295055647
0.0086,0.0132,-0.9249,0.3799 timestamp: 1512295055666
0.0086,0.0132,-0.9248,0.3801 timestamp: 1512295055686
0.0086,0.0132,-0.9249,0.3799 timestamp: 1512295055727
0.0086,0.0132,-0.9249,0.3799 timestamp: 1512295055730
0.0086,0.0132,-0.9249,0.3799 timestamp: 1512295055746
0.0086,0.0132,-0.9250,0.3796 timestamp: 1512295055768
0.0086,0.0132,-0.9250,0.3796 timestamp: 1512295055806
0.0086,0.0133,-0.9251,0.3794 timestamp: 1512295055811
0.0086,0.0133,-0.9251,0.3794 timestamp: 1512295055828
0.0086,0.0133,-0.9250,0.3796 timestamp: 1512295055848
0.0086,0.0133,-0.9250,0.3796 timestamp: 1512295055868
0.0086,0.0133,-0.9250,0.3796 timestamp: 1512295055887
0.0086,0.0133,-0.9250,0.3796 timestamp: 1512295055906
0.0086,0.0133,-0.9250,0.3796 timestamp: 1512295055927
0.0086,0.0133,-0.9250,0.3796 timestamp: 1512295055967
0.0086,0.0133,-0.9250,0.3796 timestamp: 1512295055978
0.0086,0.0133,-0.9250,0.3796 timestamp: 1512295055989
0.0086,0.0133,-0.9250,0.3796 timestamp: 1512295056027
0.0086,0.0133,-0.9250,0.3796 timestamp: 1512295056029
0.0086,0.0133,-0.9249,0.3799 timestamp: 1512295056048
0.0086,0.0133,-0.9249,0.3799 timestamp: 1512295056090
0.0086,0.0133,-0.9249,0.3799 timestamp: 1512295056107
0.0086,0.0133,-0.9249,0.3799 timestamp: 1512295056127
0.0086,0.0133,-0.9249,0.3799 timestamp: 1512295056168
0.0086,0.0133,-0.9249,0.3799 timestamp: 1512295056169
0.0086,0.0133,-0.9249,0.3799 timestamp: 1512295056206
0.0086,0.0133,-0.9248,0.3801 timestamp: 1512295056208
0.0086,0.0133,-0.9248,0.3801 timestamp: 1512295056227
0.0087,0.0134,-0.9242,0.3816 timestamp: 1512295056246
0.0089,0.0134,-0.9212,0.3888 timestamp: 1512295056268
0.0090,0.0134,-0.9177,0.3969 timestamp: 1512295056290
0.0090,0.0133,-0.9139,0.4056 timestamp: 1512295056326
0.0091,0.0133,-0.9105,0.4132 timestamp: 1512295056329
0.0093,0.0133,-0.9072,0.4204 timestamp: 1512295056346
0.0094,0.0132,-0.9032,0.4289 timestamp: 1512295056367
0.0095,0.0132,-0.8986,0.4385 timestamp: 1512295056387
0.0096,0.0131,-0.8930,0.4498 timestamp: 1512295056427
0.0097,0.0130,-0.8865,0.4624 timestamp: 1512295056429
0.0099,0.0129,-0.8793,0.4760 timestamp: 1512295056448
0.0098,0.0127,-0.8717,0.4898 timestamp: 1512295056466
0.0100,0.0126,-0.8638,0.5036 timestamp: 1512295056486
0.0102,0.0124,-0.8517,0.5238 timestamp: 1512295056507
0.0105,0.0124,-0.8432,0.5374 timestamp: 1512295056527
0.0107,0.0123,-0.8319,0.5547 timestamp: 1512295056546
0.0108,0.0121,-0.8207,0.5711 timestamp: 1512295056567
0.0110,0.0119,-0.8090,0.5876 timestamp: 1512295056610
0.0111,0.0118,-0.7976,0.6030 timestamp: 1512295056612
0.0111,0.0116,-0.7860,0.6180 timestamp: 1512295056647
0.0112,0.0112,-0.7735,0.6336 timestamp: 1512295056649
0.0114,0.0111,-0.7594,0.6504 timestamp: 1512295056666
0.0116,0.0110,-0.7463,0.6654 timestamp: 1512295056687
0.0119,0.0108,-0.7313,0.6819 timestamp: 1512295056706
0.0120,0.0106,-0.7156,0.6983 timestamp: 1512295056727
0.0124,0.0106,-0.7002,0.7138 timestamp: 1512295056747
0.0127,0.0104,-0.6761,0.7366 timestamp: 1512295056766
0.0129,0.0102,-0.6586,0.7523 timestamp: 1512295056787
0.0131,0.0100,-0.6395,0.7686 timestamp: 1512295056808
0.0133,0.0096,-0.6082,0.7936 timestamp: 1512295056827
0.0134,0.0094,-0.5886,0.8083 timestamp: 1512295056866
0.0137,0.0089,-0.5672,0.8234 timestamp: 1512295056907
0.0138,0.0086,-0.5430,0.8396 timestamp: 1512295056910
0.0140,0.0083,-0.5218,0.8529 timestamp: 1512295056926
0.0141,0.0080,-0.4989,0.8665 timestamp: 1512295056948
0.0142,0.0076,-0.4742,0.8803 timestamp: 1512295056987
0.0143,0.0073,-0.4494,0.8932 timestamp: 1512295056990
0.0143,0.0069,-0.4250,0.9051 timestamp: 1512295057008
0.0144,0.0066,-0.4003,0.9162 timestamp: 1512295057027
0.0145,0.0061,-0.3634,0.9315 timestamp: 1512295057067
0.0148,0.0053,-0.3179,0.9480 timestamp: 1512295057070
0.0149,0.0047,-0.2784,0.9603 timestamp: 1512295057086
0.0148,0.0043,-0.2483,0.9686 timestamp: 1512295057106
0.0148,0.0039,-0.2246,0.9743 timestamp: 1512295057128
0.0148,0.0035,-0.2027,0.9791 timestamp: 1512295057167
0.0148,0.0032,-0.1815,0.9833 timestamp: 1512295057171
0.0148,0.0029,-0.1583,0.9873 timestamp: 1512295057187
0.0149,0.0025,-0.1222,0.9924 timestamp: 1512295057206
0.0148,0.0022,-0.0915,0.9957 timestamp: 1512295057229
0.0148,0.0021,-0.0701,0.9974 timestamp: 1512295057247
0.0148,0.0017,-0.0473,0.9988 timestamp: 1512295057266
0.0148,0.0013,-0.0205,0.9997 timestamp: 1512295057287
0.0146,0.0005,0.0227,0.9996 timestamp: 1512295057327
0.0145,0.0001,0.0490,0.9987 timestamp: 1512295057330
0.0144,-0.0001,0.0707,0.9974 timestamp: 1512295057367
0.0143,-0.0004,0.0953,0.9953 timestamp: 1512295057370
0.0142,-0.0007,0.1180,0.9929 timestamp: 1512295057406
0.0143,-0.0011,0.1390,0.9902 timestamp: 1512295057413
0.0142,-0.0014,0.1602,0.9870 timestamp: 1512295057427
0.0141,-0.0016,0.1790,0.9837 timestamp: 1512295057446
0.0140,-0.0019,0.2008,0.9795 timestamp: 1512295057476
0.0138,-0.0021,0.2202,0.9754 timestamp: 1512295057497
0.0137,-0.0024,0.2370,0.9714 timestamp: 1512295057520
0.0136,-0.0027,0.2545,0.9670 timestamp: 1512295057556
0.0134,-0.0028,0.2707,0.9626 timestamp: 1512295057561
0.0133,-0.0031,0.2856,0.9583 timestamp: 1512295057576
0.0132,-0.0035,0.3064,0.9518 timestamp: 1512295057597
0.0130,-0.0037,0.3231,0.9463 timestamp: 1512295057617
0.0129,-0.0039,0.3382,0.9410 timestamp: 1512295057638
0.0128,-0.0041,0.3516,0.9361 timestamp: 1512295057658
0.0127,-0.0044,0.3635,0.9315 timestamp: 1512295057679
0.0126,-0.0046,0.3773,0.9260 timestamp: 1512295057716
0.0125,-0.0046,0.3904,0.9205 timestamp: 1512295057723
0.0124,-0.0047,0.4008,0.9161 timestamp: 1512295057748
0.0123,-0.0048,0.4100,0.9120 timestamp: 1512295057790
0.0122,-0.0050,0.4190,0.9079 timestamp: 1512295057801
0.0121,-0.0051,0.4280,0.9037 timestamp: 1512295057807
0.0120,-0.0052,0.4345,0.9006 timestamp: 1512295057827
0.0120,-0.0053,0.4416,0.8971 timestamp: 1512295057848
0.0119,-0.0055,0.4537,0.8911 timestamp: 1512295057871
0.0118,-0.0056,0.4607,0.8875 timestamp: 1512295057886
0.0117,-0.0057,0.4668,0.8843 timestamp: 1512295057906
0.0117,-0.0058,0.4700,0.8826 timestamp: 1512295057927
0.0116,-0.0057,0.4716,0.8817 timestamp: 1512295057948
0.0116,-0.0057,0.4710,0.8820 timestamp: 1512295057986
0.0116,-0.0056,0.4694,0.8829 timestamp: 1512295057994
0.0116,-0.0055,0.4680,0.8836 timestamp: 1512295058007
0.0116,-0.0054,0.4675,0.8839 timestamp: 1512295058026
0.0116,-0.0054,0.4668,0.8843 timestamp: 1512295058047
0.0116,-0.0053,0.4656,0.8849 timestamp: 1512295058066
0.0116,-0.0052,0.4645,0.8855 timestamp: 1512295058087
0.0116,-0.0052,0.4645,0.8855 timestamp: 1512295058109
0.0116,-0.0052,0.4654,0.8850 timestamp: 1512295058146
0.0115,-0.0051,0.4658,0.8848 timestamp: 1512295058155
0.0115,-0.0051,0.4664,0.8845 timestamp: 1512295058167
0.0115,-0.0050,0.4664,0.8845 timestamp: 1512295058186
0.0115,-0.0050,0.4669,0.8842 timestamp: 1512295058206
0.0115,-0.0049,0.4673,0.8840 timestamp: 1512295058227
0.0115,-0.0049,0.4670,0.8842 timestamp: 1512295058247
0.0114,-0.0048,0.4664,0.8845 timestamp: 1512295058267
0.0114,-0.0048,0.4663,0.8845 timestamp: 1512295058287
0.0114,-0.0047,0.4668,0.8843 timestamp: 1512295058306
0.0114,-0.0047,0.4667,0.8843 timestamp: 1512295058327
0.0114,-0.0046,0.4662,0.8846 timestamp: 1512295058347
0.0114,-0.0046,0.4664,0.8845 timestamp: 1512295058367
0.0113,-0.0045,0.4671,0.8841 timestamp: 1512295058386
0.0113,-0.0045,0.4679,0.8837 timestamp: 1512295058407
0.0113,-0.0044,0.4690,0.8831 timestamp: 1512295058426
0.0113,-0.0044,0.4692,0.8830 timestamp: 1512295058447
0.0113,-0.0043,0.4691,0.8831 timestamp: 1512295058487
0.0112,-0.0043,0.4689,0.8832 timestamp: 1512295058489
0.0112,-0.0042,0.4688,0.8832 timestamp: 1512295058526
0.0112,-0.0042,0.4685,0.8834 timestamp: 1512295058547
0.0112,-0.0041,0.4682,0.8835 timestamp: 1512295058566
0.0112,-0.0041,0.4682,0.8835 timestamp: 1512295058586
0.0112,-0.0040,0.4684,0.8834 timestamp: 1512295058607
0.0112,-0.0040,0.4683,0.8835 timestamp: 1512295058646
0.0110,-0.0038,0.4685,0.8834 timestamp: 1512295058650
0.0110,-0.0038,0.4704,0.8824 timestamp: 1512295058667
0.0110,-0.0041,0.4768,0.8789 timestamp: 1512295058686
0.0108,-0.0041,0.4832,0.8754 timestamp: 1512295058707
0.0107,-0.0041,0.4878,0.8729 timestamp: 1512295058727
0.0107,-0.0041,0.4945,0.8691 timestamp: 1512295058746
0.0106,-0.0043,0.5028,0.8643 timestamp: 1512295058786
0.0105,-0.0044,0.5124,0.8587 timestamp: 1512295058789
0.0105,-0.0046,0.5229,0.8523 timestamp: 1512295058806
0.0103,-0.0048,0.5337,0.8456 timestamp: 1512295058827
0.0102,-0.0048,0.5452,0.8382 timestamp: 1512295058846
0.0100,-0.0049,0.5583,0.8296 timestamp: 1512295058866
0.0099,-0.0050,0.5729,0.8196 timestamp: 1512295058886
0.0096,-0.0052,0.5872,0.8094 timestamp: 1512295058908
0.0094,-0.0053,0.6016,0.7987 timestamp: 1512295058946
0.0092,-0.0055,0.6156,0.7880 timestamp: 1512295058949
0.0091,-0.0058,0.6318,0.7751 timestamp: 1512295058968
0.0088,-0.0061,0.6528,0.7575 timestamp: 1512295058987
0.0085,-0.0064,0.6699,0.7424 timestamp: 1512295059006
0.0082,-0.0066,0.6874,0.7262 timestamp: 1512295059028
0.0081,-0.0069,0.7039,0.7102 timestamp: 1512295059047
0.0079,-0.0072,0.7199,0.6940 timestamp: 1512295059067
0.0077,-0.0075,0.7352,0.6778 timestamp: 1512295059087
0.0075,-0.0076,0.7429,0.6693 timestamp: 1512295059128
0.0072,-0.0078,0.7584,0.6517 timestamp: 1512295059130
0.0069,-0.0080,0.7745,0.6325 timestamp: 1512295059153
0.0066,-0.0083,0.7905,0.6124 timestamp: 1512295059167
0.0062,-0.0085,0.8074,0.5899 timestamp: 1512295059206
0.0059,-0.0088,0.8236,0.5671 timestamp: 1512295059212
0.0055,-0.0092,0.8460,0.5331 timestamp: 1512295059228
0.0051,-0.0094,0.8607,0.5090 timestamp: 1512295059246
0.0047,-0.0097,0.8749,0.4842 timestamp: 1512295059267
0.0044,-0.0097,0.8749,0.4842 timestamp: 1512295059287
0.0040,-0.0099,0.8888,0.4582 timestamp: 1512295059332
0.0038,-0.0101,0.9015,0.4326 timestamp: 1512295059335
0.0034,-0.0103,0.9128,0.4083 timestamp: 1512295059367
0.0031,-0.0105,0.9228,0.3851 timestamp: 1512295059387
0.0028,-0.0107,0.9314,0.3638 timestamp: 1512295059407
0.0025,-0.0108,0.9396,0.3421 timestamp: 1512295059426
0.0022,-0.0110,0.9478,0.3187 timestamp: 1512295059446
0.0020,-0.0112,0.9551,0.2961 timestamp: 1512295059469
0.0017,-0.0114,0.9613,0.2753 timestamp: 1512295059491
0.0013,-0.0116,0.9691,0.2464 timestamp: 1512295059506
0.0011,-0.0117,0.9740,0.2262 timestamp: 1512295059527
0.0008,-0.0118,0.9786,0.2054 timestamp: 1512295059546
0.0011,-0.0116,0.9762,0.2166 timestamp: 1512295059568
0.0009,-0.0117,0.9802,0.1977 timestamp: 1512295059609
0.0006,-0.0118,0.9837,0.1794 timestamp: 1512295059615
0.0008,-0.0118,0.9820,0.1885 timestamp: 1512295059626
0.0009,-0.0118,0.9833,0.1816 timestamp: 1512295059647
0.0009,-0.0117,0.9860,0.1663 timestamp: 1512295059666
0.0008,-0.0117,0.9886,0.1501 timestamp: 1512295059707
0.0006,-0.0117,0.9906,0.1363 timestamp: 1512295059709
0.0004,-0.0117,0.9931,0.1167 timestamp: 1512295059726
0.0001,-0.0119,0.9951,0.0982 timestamp: 1512295059748
0.0000,-0.0118,0.9966,0.0815 timestamp: 1512295059787
-0.0003,-0.0118,0.9978,0.0652 timestamp: 1512295059792
-0.0004,-0.0118,0.9987,0.0496 timestamp: 1512295059806
-0.0005,-0.0117,0.9992,0.0382 timestamp: 1512295059827
-0.0006,-0.0117,0.9996,0.0257 timestamp: 1512295059849
-0.0007,-0.0118,0.9998,0.0161 timestamp: 1512295059867
0.0008,0.0119,-0.9999,0.0076 timestamp: 1512295059887
0.0009,0.0119,-0.9998,0.0160 timestamp: 1512295059907
0.0010,0.0120,-0.9995,0.0292 timestamp: 1512295059946
0.0012,0.0121,-0.9991,0.0406 timestamp: 1512295059951
0.0015,0.0121,-0.9986,0.0515 timestamp: 1512295059967
0.0017,0.0121,-0.9980,0.0620 timestamp: 1512295059986
0.0019,0.0121,-0.9967,0.0802 timestamp: 1512295060008
0.0020,0.0120,-0.9961,0.0874 timestamp: 1512295060028
0.0022,0.0120,-0.9951,0.0981 timestamp: 1512295060067
0.0023,0.0121,-0.9941,0.1078 timestamp: 1512295060070
0.0024,0.0121,-0.9929,0.1183 timestamp: 1512295060106
0.0024,0.0120,-0.9919,0.1264 timestamp: 1512295060126
0.0024,0.0120,-0.9906,0.1362 timestamp: 1512295060148
0.0026,0.0120,-0.9892,0.1461 timestamp: 1512295060188
0.0028,0.0120,-0.9877,0.1559 timestamp: 1512295060191
0.0029,0.0120,-0.9857,0.1681 timestamp: 1512295060227
0.0030,0.0120,-0.9836,0.1799 timestamp: 1512295060229
0.0031,0.0120,-0.9818,0.1895 timestamp: 1512295060246
0.0032,0.0120,-0.9800,0.1986 timestamp: 1512295060267
0.0033,0.0119,-0.9766,0.2147 timestamp: 1512295060287
0.0035,0.0118,-0.9739,0.2266 timestamp: 1512295060307
0.0037,0.0118,-0.9715,0.2367 timestamp: 1512295060348
0.0037,0.0118,-0.9700,0.2428 timestamp: 1512295060350
0.0038,0.0118,-0.9689,0.2471 timestamp: 1512295060367
0.0038,0.0119,-0.9677,0.2518 timestamp: 1512295060407
0.0038,0.0119,-0.9660,0.2582 timestamp: 1512295060410
0.0040,0.0119,-0.9641,0.2652 timestamp: 1512295060427
0.0041,0.0118,-0.9617,0.2738 timestamp: 1512295060447
0.0042,0.0119,-0.9595,0.2814 timestamp: 1512295060470
0.0044,0.0119,-0.9581,0.2862 timestamp: 1512295060487
0.0045,0.0119,-0.9572,0.2891 timestamp: 1512295060509
0.0045,0.0119,-0.9560,0.2931 timestamp: 1512295060526
0.0047,0.0119,-0.9541,0.2992 timestamp: 1512295060546
0.0046,0.0119,-0.9527,0.3036 timestamp: 1512295060568
0.0046,0.0118,-0.9514,0.3077 timestamp: 1512295060586
0.0047,0.0118,-0.9503,0.3111 timestamp: 1512295060614
0.0048,0.0119,-0.9496,0.3132 timestamp: 1512295060631
0.0047,0.0118,-0.9493,0.3141 timestamp: 1512295060650
0.0047,0.0118,-0.9491,0.3147 timestamp: 1512295060696
0.0048,0.0118,-0.9486,0.3162 timestamp: 1512295060713
0.0048,0.0118,-0.9485,0.3165 timestamp: 1512295060716
0.0047,0.0118,-0.9489,0.3153 timestamp: 1512295060726
0.0048,0.0118,-0.9490,0.3150 timestamp: 1512295060756
0.0048,0.0118,-0.9488,0.3156 timestamp: 1512295060780
0.0048,0.0118,-0.9486,0.3162 timestamp: 1512295060789
0.0048,0.0118,-0.9483,0.3171 timestamp: 1512295060828
0.0049,0.0118,-0.9480,0.3180 timestamp: 1512295060833
0.0049,0.0118,-0.9478,0.3186 timestamp: 1512295060866
0.0049,0.0118,-0.9477,0.3189 timestamp: 1512295060887
0.0049,0.0118,-0.9475,0.3195 timestamp: 1512295060906
0.0049,0.0118,-0.9471,0.3207 timestamp: 1512295060926
0.0049,0.0118,-0.9469,0.3213 timestamp: 1512295060947
0.0050,0.0118,-0.9470,0.3210 timestamp: 1512295060967
0.0050,0.0118,-0.9470,0.3210 timestamp: 1512295060986
0.0050,0.0118,-0.9470,0.3210 timestamp: 1512295061007
0.0050,0.0118,-0.9469,0.3213 timestamp: 1512295061029
0.0050,0.0118,-0.9469,0.3213 timestamp: 1512295061046
