0.0096,0.0127,-0.9245,0.3808 timestamp: 1512295276538
0.0096,0.0127,-0.9245,0.3808 timestamp: 1512295276541
0.0096,0.0127,-0.9245,0.3808 timestamp: 1512295276560
0.0096,0.0127,-0.9245,0.3808 timestamp: 1512295276598
0.0096,0.0127,-0.9245,0.3808 timestamp: 1512295276601
0.0096,0.0127,-0.9245,0.3808 timestamp: 1512295276637
0.0096,0.0127,-0.9245,0.3808 timestamp: 1512295276640
0.0096,0.0127,-0.9244,0.3811 timestamp: 1512295276658
0.0096,0.0127,-0.9244,0.3811 timestamp: 1512295276677
0.0096,0.0127,-0.9244,0.3811 timestamp: 1512295276698
0.0096,0.0127,-0.9243,0.3813 timestamp: 1512295276717
0.0096,0.0127,-0.9244,0.3811 timestamp: 1512295276737
0.0096,0.0127,-0.9244,0.3811 timestamp: 1512295276757
0.0096,0.0127,-0.9244,0.3811 timestamp: 1512295276780
0.0096,0.0127,-0.9244,0.3811 timestamp: 1512295276798
0.0096,0.0127,-0.9244,0.3811 timestamp: 1512295276818
0.0096,0.0127,-0.9244,0.3811 timestamp: 1512295276860
0.0096,0.0127,-0.9244,0.3811 timestamp: 1512295276865
0.0097,0.0127,-0.9243,0.3813 timestamp: 1512295276885
0.0097,0.0128,-0.9242,0.3816 timestamp: 1512295276919
0.0097,0.0128,-0.9231,0.3842 timestamp: 1512295276925
0.0098,0.0128,-0.9211,0.3890 timestamp: 1512295276941
0.0099,0.0127,-0.9173,0.3979 timestamp: 1512295276958
0.0101,0.0127,-0.9145,0.4043 timestamp: 1512295276977
0.0102,0.0127,-0.9119,0.4101 timestamp: 1512295277000
0.0103,0.0127,-0.9090,0.4165 timestamp: 1512295277038
0.0108,0.0128,-0.9055,0.4240 timestamp: 1512295277042
0.0106,0.0126,-0.9009,0.4337 timestamp: 1512295277077
0.0107,0.0125,-0.8954,0.4450 timestamp: 1512295277097
0.0109,0.0125,-0.8898,0.4560 timestamp: 1512295277117
0.0110,0.0124,-0.8841,0.4670 timestamp: 1512295277138
0.0112,0.0124,-0.8787,0.4771 timestamp: 1512295277157
0.0114,0.0123,-0.8730,0.4874 timestamp: 1512295277177
0.0114,0.0122,-0.8664,0.4991 timestamp: 1512295277198
0.0115,0.0121,-0.8594,0.5110 timestamp: 1512295277238
0.0116,0.0119,-0.8507,0.5254 timestamp: 1512295277241
0.0118,0.0117,-0.8361,0.5483 timestamp: 1512295277278
0.0120,0.0116,-0.8259,0.5636 timestamp: 1512295277281
0.0121,0.0114,-0.8159,0.5780 timestamp: 1512295277318
0.0125,0.0115,-0.8039,0.5945 timestamp: 1512295277320
0.0126,0.0114,-0.7913,0.6112 timestamp: 1512295277358
0.0128,0.0112,-0.7784,0.6275 timestamp: 1512295277361
0.0129,0.0110,-0.7656,0.6431 timestamp: 1512295277398
0.0131,0.0109,-0.7541,0.6565 timestamp: 1512295277400
0.0132,0.0107,-0.7425,0.6696 timestamp: 1512295277437
0.0133,0.0104,-0.7298,0.6835 timestamp: 1512295277441
0.0133,0.0102,-0.7153,0.6986 timestamp: 1512295277478
0.0136,0.0101,-0.7003,0.7136 timestamp: 1512295277481
0.0137,0.0095,-0.6745,0.7381 timestamp: 1512295277498
0.0139,0.0095,-0.6605,0.7506 timestamp: 1512295277518
0.0141,0.0089,-0.6268,0.7790 timestamp: 1512295277537
0.0142,0.0087,-0.6090,0.7930 timestamp: 1512295277558
0.0142,0.0084,-0.5895,0.8076 timestamp: 1512295277599
0.0144,0.0081,-0.5699,0.8215 timestamp: 1512295277601
0.0145,0.0079,-0.5509,0.8344 timestamp: 1512295277639
0.0146,0.0077,-0.5335,0.8456 timestamp: 1512295277646
0.0148,0.0073,-0.5030,0.8641 timestamp: 1512295277678
0.0150,0.0067,-0.4747,0.8800 timestamp: 1512295277681
0.0152,0.0063,-0.4502,0.8928 timestamp: 1512295277698
0.0152,0.0061,-0.4319,0.9018 timestamp: 1512295277717
0.0152,0.0058,-0.4123,0.9109 timestamp: 1512295277759
0.0152,0.0055,-0.3905,0.9205 timestamp: 1512295277763
0.0152,0.0053,-0.3658,0.9306 timestamp: 1512295277799
0.0152,0.0049,-0.3368,0.9414 timestamp: 1512295277802
0.0152,0.0047,-0.3151,0.9489 timestamp: 1512295277838
0.0152,0.0044,-0.2935,0.9558 timestamp: 1512295277841
0.0151,0.0041,-0.2733,0.9618 timestamp: 1512295277857
0.0150,0.0039,-0.2580,0.9660 timestamp: 1512295277899
0.0150,0.0037,-0.2411,0.9704 timestamp: 1512295277902
0.0151,0.0035,-0.2206,0.9752 timestamp: 1512295277937
0.0152,0.0032,-0.2002,0.9796 timestamp: 1512295277957
0.0152,0.0030,-0.1827,0.9830 timestamp: 1512295277978
0.0151,0.0029,-0.1676,0.9857 timestamp: 1512295277998
0.0150,0.0026,-0.1523,0.9882 timestamp: 1512295278018
0.0151,0.0023,-0.1340,0.9909 timestamp: 1512295278058
0.0150,0.0020,-0.1161,0.9931 timestamp: 1512295278061
0.0149,0.0018,-0.0913,0.9957 timestamp: 1512295278078
0.0147,0.0014,-0.0515,0.9986 timestamp: 1512295278117
0.0146,0.0010,-0.0298,0.9994 timestamp: 1512295278120
0.0144,0.0008,-0.0094,0.9999 timestamp: 1512295278139
0.0143,0.0006,0.0132,0.9998 timestamp: 1512295278157
0.0141,0.0003,0.0349,0.9993 timestamp: 1512295278178
0.0141,0.0000,0.0552,0.9984 timestamp: 1512295278198
0.0141,-0.0001,0.0735,0.9972 timestamp: 1512295278240
0.0141,-0.0004,0.0934,0.9955 timestamp: 1512295278244
0.0140,-0.0008,0.1144,0.9933 timestamp: 1512295278278
0.0140,-0.0010,0.1333,0.9910 timestamp: 1512295278282
0.0139,-0.0014,0.1510,0.9884 timestamp: 1512295278297
0.0138,-0.0016,0.1678,0.9857 timestamp: 1512295278317
0.0136,-0.0017,0.1822,0.9832 timestamp: 1512295278336
0.0135,-0.0020,0.2036,0.9790 timestamp: 1512295278357
0.0133,-0.0023,0.2184,0.9758 timestamp: 1512295278377
0.0132,-0.0024,0.2338,0.9722 timestamp: 1512295278398
0.0131,-0.0028,0.2485,0.9685 timestamp: 1512295278438
0.0129,-0.0030,0.2630,0.9647 timestamp: 1512295278441
0.0128,-0.0032,0.2762,0.9610 timestamp: 1512295278473
0.0127,-0.0033,0.2889,0.9573 timestamp: 1512295278478
0.0126,-0.0035,0.3020,0.9532 timestamp: 1512295278497
0.0124,-0.0037,0.3134,0.9495 timestamp: 1512295278517
0.0124,-0.0038,0.3244,0.9458 timestamp: 1512295278537
0.0122,-0.0039,0.3356,0.9419 timestamp: 1512295278557
0.0121,-0.0041,0.3481,0.9374 timestamp: 1512295278577
0.0120,-0.0042,0.3582,0.9336 timestamp: 1512295278597
0.0119,-0.0044,0.3678,0.9298 timestamp: 1512295278617
0.0118,-0.0045,0.3821,0.9240 timestamp: 1512295278638
0.0117,-0.0045,0.3896,0.9209 timestamp: 1512295278658
0.0116,-0.0047,0.3995,0.9166 timestamp: 1512295278697
0.0115,-0.0048,0.4069,0.9134 timestamp: 1512295278700
0.0115,-0.0049,0.4137,0.9103 timestamp: 1512295278717
0.0114,-0.0049,0.4200,0.9074 timestamp: 1512295278759
0.0112,-0.0049,0.4270,0.9042 timestamp: 1512295278762
0.0112,-0.0049,0.4333,0.9012 timestamp: 1512295278797
0.0111,-0.0050,0.4385,0.8986 timestamp: 1512295278829
0.0110,-0.0050,0.4440,0.8959 timestamp: 1512295278858
0.0110,-0.0050,0.4489,0.8935 timestamp: 1512295278860
0.0110,-0.0050,0.4513,0.8923 timestamp: 1512295278877
0.0110,-0.0051,0.4542,0.8908 timestamp: 1512295278898
0.0108,-0.0051,0.4600,0.8878 timestamp: 1512295278936
0.0108,-0.0051,0.4645,0.8855 timestamp: 1512295278939
0.0108,-0.0051,0.4686,0.8833 timestamp: 1512295278958
0.0108,-0.0051,0.4718,0.8816 timestamp: 1512295278998
0.0108,-0.0051,0.4749,0.8800 timestamp: 1512295279002
0.0108,-0.0051,0.4773,0.8787 timestamp: 1512295279036
0.0108,-0.0051,0.4784,0.8781 timestamp: 1512295279039
0.0108,-0.0051,0.4789,0.8778 timestamp: 1512295279058
0.0108,-0.0051,0.4792,0.8776 timestamp: 1512295279078
0.0108,-0.0051,0.4795,0.8775 timestamp: 1512295279118
0.0108,-0.0050,0.4798,0.8773 timestamp: 1512295279122
0.0108,-0.0049,0.4800,0.8772 timestamp: 1512295279157
0.0107,-0.0049,0.4806,0.8769 timestamp: 1512295279160
0.0107,-0.0048,0.4800,0.8772 timestamp: 1512295279178
0.0107,-0.0048,0.4802,0.8771 timestamp: 1512295279198
0.0107,-0.0047,0.4812,0.8765 timestamp: 1512295279237
0.0107,-0.0047,0.4815,0.8764 timestamp: 1512295279241
0.0107,-0.0046,0.4807,0.8768 timestamp: 1512295279257
0.0107,-0.0046,0.4805,0.8769 timestamp: 1512295279277
0.0107,-0.0045,0.4803,0.8770 timestamp: 1512295279298
0.0107,-0.0045,0.4799,0.8772 timestamp: 1512295279318
0.0106,-0.0044,0.4795,0.8775 timestamp: 1512295279337
0.0106,-0.0044,0.4797,0.8774 timestamp: 1512295279359
0.0106,-0.0043,0.4802,0.8771 timestamp: 1512295279397
0.0106,-0.0043,0.4799,0.8772 timestamp: 1512295279400
0.0106,-0.0042,0.4797,0.8774 timestamp: 1512295279437
0.0106,-0.0042,0.4794,0.8775 timestamp: 1512295279441
0.0106,-0.0041,0.4794,0.8775 timestamp: 1512295279457
0.0106,-0.0041,0.4786,0.8780 timestamp: 1512295279478
0.0106,-0.0040,0.4782,0.8782 timestamp: 1512295279497
0.0105,-0.0040,0.4782,0.8782 timestamp: 1512295279517
0.0105,-0.0039,0.4780,0.8783 timestamp: 1512295279537
0.0105,-0.0039,0.4781,0.8782 timestamp: 1512295279557
0.0105,-0.0038,0.4782,0.8782 timestamp: 1512295279599
0.0105,-0.0038,0.4782,0.8782 timestamp: 1512295279602
0.0105,-0.0037,0.4783,0.8781 timestamp: 1512295279637
0.0105,-0.0037,0.4784,0.8781 timestamp: 1512295279657
0.0105,-0.0036,0.4783,0.8781 timestamp: 1512295279678
0.0105,-0.0036,0.4776,0.8785 timestamp: 1512295279719
0.0104,-0.0035,0.4774,0.8786 timestamp: 1512295279731
0.0104,-0.0034,0.4771,0.8788 timestamp: 1512295279757
0.0104,-0.0034,0.4770,0.8788 timestamp: 1512295279760
0.0104,-0.0033,0.4768,0.8789 timestamp: 1512295279777
0.0104,-0.0033,0.4763,0.8792 timestamp: 1512295279797
0.0104,-0.0032,0.4761,0.8793 timestamp: 1512295279825
0.0104,-0.0032,0.4759,0.8794 timestamp: 1512295279837
0.0104,-0.0032,0.4757,0.8795 timestamp: 1512295279857
0.0103,-0.0031,0.4756,0.8796 timestamp: 1512295279897
0.0103,-0.0031,0.4757,0.8795 timestamp: 1512295279900
0.0103,-0.0030,0.4761,0.8793 timestamp: 1512295279917
0.0103,-0.0030,0.4766,0.8791 timestamp: 1512295279938
0.0103,-0.0029,0.4766,0.8791 timestamp: 1512295279978
0.0102,-0.0029,0.4778,0.8784 timestamp: 1512295279980
0.0101,-0.0029,0.4843,0.8748 timestamp: 1512295279997
0.0101,-0.0029,0.4900,0.8717 timestamp: 1512295280030
0.0100,-0.0030,0.4963,0.8681 timestamp: 1512295280058
0.0100,-0.0031,0.5028,0.8643 timestamp: 1512295280061
0.0099,-0.0031,0.5088,0.8608 timestamp: 1512295280077
0.0097,-0.0032,0.5151,0.8571 timestamp: 1512295280118
0.0096,-0.0032,0.5222,0.8528 timestamp: 1512295280122
0.0095,-0.0033,0.5306,0.8476 timestamp: 1512295280158
0.0095,-0.0035,0.5401,0.8415 timestamp: 1512295280162
0.0094,-0.0036,0.5489,0.8358 timestamp: 1512295280178
0.0092,-0.0037,0.5575,0.8301 timestamp: 1512295280217
0.0091,-0.0038,0.5665,0.8240 timestamp: 1512295280219
0.0088,-0.0040,0.5812,0.8137 timestamp: 1512295280237
0.0087,-0.0042,0.5939,0.8045 timestamp: 1512295280277
0.0085,-0.0043,0.6073,0.7944 timestamp: 1512295280281
0.0084,-0.0045,0.6183,0.7859 timestamp: 1512295280297
0.0082,-0.0047,0.6320,0.7749 timestamp: 1512295280317
0.0080,-0.0049,0.6457,0.7635 timestamp: 1512295280358
0.0077,-0.0050,0.6606,0.7507 timestamp: 1512295280378
0.0074,-0.0052,0.6763,0.7366 timestamp: 1512295280385
0.0072,-0.0055,0.6920,0.7218 timestamp: 1512295280418
0.0071,-0.0058,0.7075,0.7067 timestamp: 1512295280438
0.0069,-0.0061,0.7229,0.6909 timestamp: 1512295280478
0.0067,-0.0062,0.7333,0.6798 timestamp: 1512295280481
0.0065,-0.0063,0.7405,0.6720 timestamp: 1512295280507
0.0062,-0.0067,0.7627,0.6467 timestamp: 1512295280538
0.0060,-0.0070,0.7782,0.6279 timestamp: 1512295280540
0.0057,-0.0072,0.7934,0.6086 timestamp: 1512295280557
0.0056,-0.0073,0.7991,0.6011 timestamp: 1512295280577
0.0052,-0.0074,0.8077,0.5895 timestamp: 1512295280622
0.0050,-0.0075,0.8198,0.5726 timestamp: 1512295280634
0.0049,-0.0075,0.8286,0.5598 timestamp: 1512295280641
0.0048,-0.0074,0.8365,0.5479 timestamp: 1512295280659
0.0044,-0.0075,0.8476,0.5306 timestamp: 1512295280697
0.0042,-0.0078,0.8619,0.5070 timestamp: 1512295280700
0.0039,-0.0081,0.8755,0.4831 timestamp: 1512295280717
0.0035,-0.0082,0.8875,0.4607 timestamp: 1512295280737
0.0033,-0.0083,0.8954,0.4452 timestamp: 1512295280757
0.0031,-0.0084,0.9035,0.4285 timestamp: 1512295280800
0.0027,-0.0085,0.9168,0.3992 timestamp: 1512295280813
0.0024,-0.0086,0.9248,0.3803 timestamp: 1512295280838
0.0022,-0.0089,0.9348,0.3551 timestamp: 1512295280842
0.0019,-0.0090,0.9435,0.3312 timestamp: 1512295280858
0.0016,-0.0092,0.9511,0.3087 timestamp: 1512295280877
0.0013,-0.0093,0.9581,0.2863 timestamp: 1512295280898
0.0011,-0.0095,0.9644,0.2643 timestamp: 1512295280937
0.0009,-0.0096,0.9698,0.2437 timestamp: 1512295280941
0.0006,-0.0097,0.9741,0.2259 timestamp: 1512295280957
0.0005,-0.0098,0.9734,0.2289 timestamp: 1512295280977
0.0002,-0.0099,0.9776,0.2102 timestamp: 1512295280997
0.0000,-0.0100,0.9817,0.1902 timestamp: 1512295281038
0.0000,-0.0100,0.9840,0.1779 timestamp: 1512295281041
-0.0002,-0.0101,0.9889,0.1482 timestamp: 1512295281057
-0.0004,-0.0102,0.9916,0.1289 timestamp: 1512295281078
-0.0005,-0.0102,0.9923,0.1234 timestamp: 1512295281097
-0.0005,-0.0102,0.9932,0.1160 timestamp: 1512295281117
-0.0009,-0.0104,0.9954,0.0952 timestamp: 1512295281137
-0.0011,-0.0103,0.9965,0.0829 timestamp: 1512295281157
-0.0012,-0.0102,0.9976,0.0685 timestamp: 1512295281177
-0.0014,-0.0102,0.9987,0.0499 timestamp: 1512295281198
-0.0017,-0.0103,0.9995,0.0298 timestamp: 1512295281237
-0.0020,-0.0104,0.9999,0.0094 timestamp: 1512295281256
0.0023,0.0105,-0.9997,0.0220 timestamp: 1512295281277
0.0025,0.0105,-0.9991,0.0410 timestamp: 1512295281297
0.0027,0.0105,-0.9982,0.0590 timestamp: 1512295281338
0.0029,0.0105,-0.9969,0.0779 timestamp: 1512295281341
0.0030,0.0106,-0.9948,0.1013 timestamp: 1512295281357
0.0033,0.0107,-0.9930,0.1176 timestamp: 1512295281398
0.0034,0.0107,-0.9910,0.1334 timestamp: 1512295281400
0.0035,0.0107,-0.9891,0.1468 timestamp: 1512295281417
0.0037,0.0108,-0.9871,0.1597 timestamp: 1512295281437
0.0038,0.0108,-0.9845,0.1750 timestamp: 1512295281457
0.0037,0.0108,-0.9829,0.1838 timestamp: 1512295281478
0.0039,0.0109,-0.9809,0.1942 timestamp: 1512295281517
0.0042,0.0110,-0.9782,0.2073 timestamp: 1512295281520
0.0042,0.0110,-0.9758,0.2183 timestamp: 1512295281537
0.0044,0.0110,-0.9736,0.2280 timestamp: 1512295281557
0.0045,0.0110,-0.9712,0.2380 timestamp: 1512295281598
0.0046,0.0110,-0.9690,0.2468 timestamp: 1512295281603
0.0046,0.0111,-0.9659,0.2586 timestamp: 1512295281637
0.0046,0.0110,-0.9643,0.2645 timestamp: 1512295281641
0.0047,0.0110,-0.9622,0.2721 timestamp: 1512295281657
0.0048,0.0111,-0.9600,0.2797 timestamp: 1512295281677
0.0048,0.0110,-0.9576,0.2879 timestamp: 1512295281698
0.0049,0.0110,-0.9560,0.2931 timestamp: 1512295281727
0.0049,0.0110,-0.9547,0.2973 timestamp: 1512295281747
0.0049,0.0110,-0.9532,0.3021 timestamp: 1512295281768
0.0050,0.0110,-0.9514,0.3077 timestamp: 1512295281787
0.0050,0.0110,-0.9497,0.3129 timestamp: 1512295281807
0.0050,0.0110,-0.9485,0.3165 timestamp: 1512295281828
0.0050,0.0110,-0.9481,0.3177 timestamp: 1512295281867
0.0051,0.0110,-0.9477,0.3189 timestamp: 1512295281871
0.0052,0.0110,-0.9466,0.3222 timestamp: 1512295281887
0.0052,0.0110,-0.9466,0.3222 timestamp: 1512295281907
0.0052,0.0110,-0.9466,0.3222 timestamp: 1512295281927
0.0052,0.0110,-0.9458,0.3245 timestamp: 1512295281947
0.0053,0.0109,-0.9447,0.3277 timestamp: 1512295281990
0.0053,0.0109,-0.9439,0.3300 timestamp: 1512295281999
0.0053,0.0109,-0.9430,0.3326 timestamp: 1512295282028
0.0054,0.0109,-0.9419,0.3357 timestamp: 1512295282031
0.0055,0.0109,-0.9408,0.3387 timestamp: 1512295282055
0.0055,0.0109,-0.9401,0.3407 timestamp: 1512295282074
0.0055,0.0109,-0.9397,0.3418 timestamp: 1512295282108
0.0056,0.0109,-0.9395,0.3423 timestamp: 1512295282111
0.0056,0.0109,-0.9392,0.3432 timestamp: 1512295282147
0.0056,0.0109,-0.9390,0.3437 timestamp: 1512295282151
