0.0097,0.0129,-0.9246,0.3806 timestamp: 1512295258197
0.0097,0.0129,-0.9245,0.3808 timestamp: 1512295258218
0.0098,0.0129,-0.9244,0.3811 timestamp: 1512295258237
0.0098,0.0129,-0.9244,0.3811 timestamp: 1512295258258
0.0097,0.0129,-0.9244,0.3811 timestamp: 1512295258318
0.0097,0.0129,-0.9244,0.3811 timestamp: 1512295258321
0.0097,0.0129,-0.9245,0.3808 timestamp: 1512295258357
0.0098,0.0129,-0.9245,0.3808 timestamp: 1512295258361
0.0098,0.0129,-0.9245,0.3808 timestamp: 1512295258377
0.0098,0.0129,-0.9245,0.3808 timestamp: 1512295258397
0.0098,0.0129,-0.9245,0.3808 timestamp: 1512295258418
0.0098,0.0129,-0.9244,0.3811 timestamp: 1512295258458
0.0097,0.0129,-0.9241,0.3818 timestamp: 1512295258460
0.0097,0.0129,-0.9240,0.3821 timestamp: 1512295258478
0.0097,0.0129,-0.9240,0.3821 timestamp: 1512295258499
0.0097,0.0129,-0.9240,0.3821 timestamp: 1512295258538
0.0097,0.0129,-0.9240,0.3821 timestamp: 1512295258540
0.0098,0.0130,-0.9237,0.3828 timestamp: 1512295258557
0.0098,0.0129,-0.9227,0.3852 timestamp: 1512295258577
0.0098,0.0129,-0.9209,0.3895 timestamp: 1512295258598
0.0099,0.0129,-0.9186,0.3949 timestamp: 1512295258618
0.0100,0.0128,-0.9160,0.4008 timestamp: 1512295258638
0.0101,0.0127,-0.9133,0.4070 timestamp: 1512295258657
0.0101,0.0127,-0.9099,0.4145 timestamp: 1512295258677
0.0102,0.0126,-0.9062,0.4225 timestamp: 1512295258698
0.0103,0.0125,-0.9024,0.4306 timestamp: 1512295258723
0.0104,0.0125,-0.8986,0.4385 timestamp: 1512295258758
0.0106,0.0124,-0.8941,0.4476 timestamp: 1512295258764
0.0107,0.0123,-0.8862,0.4630 timestamp: 1512295258798
0.0108,0.0122,-0.8791,0.4764 timestamp: 1512295258801
0.0110,0.0121,-0.8706,0.4917 timestamp: 1512295258817
0.0111,0.0120,-0.8619,0.5068 timestamp: 1512295258841
0.0113,0.0119,-0.8544,0.5194 timestamp: 1512295258878
0.0114,0.0117,-0.8459,0.5331 timestamp: 1512295258880
0.0116,0.0116,-0.8365,0.5477 timestamp: 1512295258898
0.0118,0.0115,-0.8262,0.5631 timestamp: 1512295258919
0.0120,0.0114,-0.8153,0.5788 timestamp: 1512295258957
0.0122,0.0112,-0.8039,0.5945 timestamp: 1512295258960
0.0123,0.0111,-0.7919,0.6104 timestamp: 1512295258978
0.0125,0.0110,-0.7797,0.6259 timestamp: 1512295259018
0.0126,0.0108,-0.7673,0.6411 timestamp: 1512295259023
0.0128,0.0106,-0.7542,0.6564 timestamp: 1512295259037
0.0130,0.0104,-0.7337,0.6793 timestamp: 1512295259058
0.0132,0.0102,-0.7195,0.6943 timestamp: 1512295259078
0.0133,0.0099,-0.6975,0.7164 timestamp: 1512295259117
0.0134,0.0095,-0.6781,0.7348 timestamp: 1512295259120
0.0136,0.0093,-0.6624,0.7490 timestamp: 1512295259158
0.0136,0.0090,-0.6462,0.7630 timestamp: 1512295259177
0.0138,0.0088,-0.6311,0.7755 timestamp: 1512295259197
0.0139,0.0085,-0.6057,0.7955 timestamp: 1512295259238
0.0140,0.0083,-0.5911,0.8064 timestamp: 1512295259242
0.0142,0.0080,-0.5641,0.8255 timestamp: 1512295259278
0.0143,0.0077,-0.5466,0.8372 timestamp: 1512295259281
0.0143,0.0073,-0.5228,0.8523 timestamp: 1512295259297
0.0144,0.0071,-0.5030,0.8641 timestamp: 1512295259318
0.0144,0.0068,-0.4823,0.8759 timestamp: 1512295259339
0.0145,0.0064,-0.4505,0.8926 timestamp: 1512295259357
0.0145,0.0060,-0.4139,0.9102 timestamp: 1512295259377
0.0145,0.0056,-0.3881,0.9215 timestamp: 1512295259398
0.0145,0.0051,-0.3628,0.9317 timestamp: 1512295259418
0.0145,0.0048,-0.3383,0.9409 timestamp: 1512295259439
0.0145,0.0045,-0.3132,0.9496 timestamp: 1512295259478
0.0145,0.0039,-0.2763,0.9610 timestamp: 1512295259483
0.0144,0.0034,-0.2382,0.9711 timestamp: 1512295259497
0.0144,0.0029,-0.2026,0.9792 timestamp: 1512295259518
0.0143,0.0027,-0.1796,0.9836 timestamp: 1512295259557
0.0142,0.0024,-0.1564,0.9876 timestamp: 1512295259560
0.0141,0.0020,-0.1331,0.9910 timestamp: 1512295259587
0.0140,0.0017,-0.1104,0.9938 timestamp: 1512295259601
0.0139,0.0014,-0.0882,0.9960 timestamp: 1512295259617
0.0138,0.0010,-0.0656,0.9978 timestamp: 1512295259657
0.0137,0.0006,-0.0333,0.9994 timestamp: 1512295259659
0.0135,0.0002,-0.0124,0.9998 timestamp: 1512295259677
0.0134,0.0000,0.0084,0.9999 timestamp: 1512295259697
0.0133,-0.0001,0.0292,0.9995 timestamp: 1512295259717
0.0132,-0.0004,0.0492,0.9987 timestamp: 1512295259757
0.0130,-0.0011,0.0902,0.9958 timestamp: 1512295259759
0.0128,-0.0014,0.1157,0.9932 timestamp: 1512295259777
0.0127,-0.0016,0.1323,0.9911 timestamp: 1512295259797
0.0126,-0.0019,0.1505,0.9885 timestamp: 1512295259818
0.0124,-0.0020,0.1670,0.9859 timestamp: 1512295259837
0.0123,-0.0022,0.1828,0.9831 timestamp: 1512295259857
0.0121,-0.0024,0.2042,0.9789 timestamp: 1512295259877
0.0122,-0.0027,0.2229,0.9748 timestamp: 1512295259898
0.0121,-0.0028,0.2407,0.9705 timestamp: 1512295259918
0.0119,-0.0030,0.2626,0.9648 timestamp: 1512295259958
0.0118,-0.0033,0.2770,0.9608 timestamp: 1512295259963
0.0118,-0.0034,0.2922,0.9563 timestamp: 1512295259997
0.0117,-0.0036,0.3056,0.9521 timestamp: 1512295260000
0.0116,-0.0037,0.3197,0.9474 timestamp: 1512295260036
0.0115,-0.0039,0.3373,0.9413 timestamp: 1512295260059
0.0113,-0.0042,0.3506,0.9364 timestamp: 1512295260062
0.0112,-0.0043,0.3646,0.9311 timestamp: 1512295260097
0.0111,-0.0044,0.3752,0.9269 timestamp: 1512295260117
0.0110,-0.0045,0.3859,0.9225 timestamp: 1512295260137
0.0109,-0.0045,0.3947,0.9187 timestamp: 1512295260156
0.0108,-0.0047,0.4053,0.9141 timestamp: 1512295260177
0.0106,-0.0047,0.4144,0.9100 timestamp: 1512295260197
0.0106,-0.0048,0.4226,0.9062 timestamp: 1512295260217
0.0105,-0.0050,0.4307,0.9024 timestamp: 1512295260237
0.0103,-0.0051,0.4429,0.8965 timestamp: 1512295260257
0.0103,-0.0052,0.4537,0.8911 timestamp: 1512295260277
0.0102,-0.0052,0.4636,0.8860 timestamp: 1512295260297
0.0102,-0.0053,0.4711,0.8820 timestamp: 1512295260317
0.0102,-0.0053,0.4774,0.8786 timestamp: 1512295260337
0.0102,-0.0053,0.4838,0.8751 timestamp: 1512295260378
0.0101,-0.0055,0.4906,0.8713 timestamp: 1512295260381
0.0100,-0.0055,0.4967,0.8678 timestamp: 1512295260397
0.0099,-0.0055,0.5011,0.8653 timestamp: 1512295260417
0.0099,-0.0055,0.5037,0.8638 timestamp: 1512295260458
0.0099,-0.0055,0.5052,0.8629 timestamp: 1512295260465
0.0099,-0.0055,0.5061,0.8624 timestamp: 1512295260481
0.0098,-0.0054,0.5078,0.8614 timestamp: 1512295260498
0.0098,-0.0054,0.5098,0.8602 timestamp: 1512295260538
0.0098,-0.0053,0.5125,0.8586 timestamp: 1512295260541
0.0098,-0.0053,0.5118,0.8590 timestamp: 1512295260557
0.0098,-0.0052,0.5122,0.8588 timestamp: 1512295260577
0.0097,-0.0052,0.5144,0.8575 timestamp: 1512295260598
0.0097,-0.0052,0.5160,0.8565 timestamp: 1512295260638
0.0097,-0.0052,0.5180,0.8553 timestamp: 1512295260641
0.0097,-0.0051,0.5197,0.8543 timestamp: 1512295260656
0.0097,-0.0051,0.5199,0.8542 timestamp: 1512295260677
0.0097,-0.0050,0.5193,0.8545 timestamp: 1512295260697
0.0097,-0.0050,0.5189,0.8548 timestamp: 1512295260725
0.0097,-0.0049,0.5187,0.8549 timestamp: 1512295260748
0.0096,-0.0049,0.5184,0.8551 timestamp: 1512295260760
0.0096,-0.0048,0.5179,0.8554 timestamp: 1512295260797
0.0096,-0.0047,0.5177,0.8555 timestamp: 1512295260800
0.0096,-0.0047,0.5178,0.8554 timestamp: 1512295260817
0.0096,-0.0046,0.5176,0.8556 timestamp: 1512295260857
0.0096,-0.0046,0.5174,0.8557 timestamp: 1512295260861
0.0096,-0.0046,0.5175,0.8556 timestamp: 1512295260877
0.0096,-0.0045,0.5175,0.8556 timestamp: 1512295260897
0.0096,-0.0044,0.5174,0.8557 timestamp: 1512295260918
0.0096,-0.0044,0.5172,0.8558 timestamp: 1512295260957
0.0096,-0.0044,0.5170,0.8559 timestamp: 1512295260977
0.0095,-0.0043,0.5168,0.8560 timestamp: 1512295261018
0.0095,-0.0042,0.5166,0.8562 timestamp: 1512295261022
0.0095,-0.0042,0.5165,0.8562 timestamp: 1512295261037
0.0095,-0.0041,0.5169,0.8560 timestamp: 1512295261078
0.0095,-0.0041,0.5172,0.8558 timestamp: 1512295261080
0.0095,-0.0041,0.5177,0.8555 timestamp: 1512295261097
0.0095,-0.0040,0.5181,0.8553 timestamp: 1512295261118
0.0095,-0.0040,0.5180,0.8553 timestamp: 1512295261157
0.0095,-0.0039,0.5176,0.8556 timestamp: 1512295261160
0.0095,-0.0039,0.5173,0.8557 timestamp: 1512295261177
0.0095,-0.0038,0.5174,0.8557 timestamp: 1512295261197
0.0095,-0.0038,0.5174,0.8557 timestamp: 1512295261217
0.0095,-0.0037,0.5172,0.8558 timestamp: 1512295261258
0.0094,-0.0037,0.5172,0.8558 timestamp: 1512295261263
0.0094,-0.0037,0.5171,0.8559 timestamp: 1512295261279
0.0094,-0.0036,0.5170,0.8559 timestamp: 1512295261318
0.0094,-0.0036,0.5167,0.8561 timestamp: 1512295261320
0.0094,-0.0035,0.5164,0.8563 timestamp: 1512295261358
0.0094,-0.0035,0.5162,0.8564 timestamp: 1512295261361
0.0094,-0.0034,0.5160,0.8565 timestamp: 1512295261399
0.0094,-0.0033,0.5155,0.8568 timestamp: 1512295261411
0.0094,-0.0034,0.5162,0.8564 timestamp: 1512295261437
0.0094,-0.0034,0.5197,0.8543 timestamp: 1512295261441
0.0093,-0.0034,0.5249,0.8511 timestamp: 1512295261457
0.0092,-0.0034,0.5299,0.8480 timestamp: 1512295261477
0.0091,-0.0035,0.5356,0.8444 timestamp: 1512295261497
0.0091,-0.0036,0.5426,0.8399 timestamp: 1512295261517
0.0090,-0.0037,0.5495,0.8354 timestamp: 1512295261538
0.0089,-0.0037,0.5578,0.8299 timestamp: 1512295261578
0.0088,-0.0039,0.5686,0.8226 timestamp: 1512295261588
0.0087,-0.0040,0.5793,0.8151 timestamp: 1512295261611
0.0086,-0.0042,0.5897,0.8076 timestamp: 1512295261618
0.0085,-0.0044,0.5998,0.8001 timestamp: 1512295261657
0.0084,-0.0046,0.6125,0.7904 timestamp: 1512295261660
0.0081,-0.0049,0.6330,0.7741 timestamp: 1512295261677
0.0079,-0.0050,0.6476,0.7619 timestamp: 1512295261722
0.0077,-0.0053,0.6636,0.7480 timestamp: 1512295261736
0.0075,-0.0056,0.6802,0.7330 timestamp: 1512295261757
0.0074,-0.0059,0.6956,0.7184 timestamp: 1512295261761
0.0072,-0.0060,0.7086,0.7055 timestamp: 1512295261778
0.0073,-0.0060,0.7148,0.6993 timestamp: 1512295261797
0.0071,-0.0062,0.7265,0.6871 timestamp: 1512295261817
0.0066,-0.0061,0.7372,0.6756 timestamp: 1512295261857
0.0064,-0.0064,0.7521,0.6590 timestamp: 1512295261881
0.0062,-0.0067,0.7671,0.6415 timestamp: 1512295261886
0.0060,-0.0068,0.7806,0.6250 timestamp: 1512295261917
0.0059,-0.0071,0.7921,0.6103 timestamp: 1512295261937
0.0057,-0.0072,0.8023,0.5969 timestamp: 1512295261957
0.0055,-0.0071,0.8012,0.5983 timestamp: 1512295261977
0.0054,-0.0072,0.8102,0.5861 timestamp: 1512295261997
0.0052,-0.0074,0.8197,0.5727 timestamp: 1512295262018
0.0050,-0.0075,0.8293,0.5587 timestamp: 1512295262057
0.0048,-0.0075,0.8339,0.5518 timestamp: 1512295262060
0.0047,-0.0075,0.8400,0.5425 timestamp: 1512295262077
0.0046,-0.0075,0.8460,0.5331 timestamp: 1512295262098
0.0045,-0.0077,0.8542,0.5199 timestamp: 1512295262141
0.0043,-0.0077,0.8596,0.5109 timestamp: 1512295262153
0.0042,-0.0077,0.8656,0.5007 timestamp: 1512295262161
0.0040,-0.0079,0.8742,0.4855 timestamp: 1512295262178
0.0040,-0.0081,0.8794,0.4760 timestamp: 1512295262217
0.0039,-0.0080,0.8846,0.4663 timestamp: 1512295262221
0.0036,-0.0080,0.8936,0.4488 timestamp: 1512295262237
0.0034,-0.0081,0.8990,0.4379 timestamp: 1512295262256
0.0032,-0.0083,0.9075,0.4200 timestamp: 1512295262277
0.0029,-0.0084,0.9151,0.4031 timestamp: 1512295262297
0.0027,-0.0086,0.9226,0.3857 timestamp: 1512295262322
0.0025,-0.0087,0.9302,0.3669 timestamp: 1512295262337
0.0022,-0.0088,0.9354,0.3535 timestamp: 1512295262357
0.0019,-0.0090,0.9428,0.3332 timestamp: 1512295262377
0.0018,-0.0092,0.9501,0.3118 timestamp: 1512295262397
0.0015,-0.0094,0.9571,0.2896 timestamp: 1512295262438
0.0013,-0.0096,0.9637,0.2668 timestamp: 1512295262441
0.0011,-0.0097,0.9698,0.2437 timestamp: 1512295262471
0.0009,-0.0099,0.9753,0.2207 timestamp: 1512295262477
0.0006,-0.0100,0.9775,0.2107 timestamp: 1512295262497
0.0003,-0.0101,0.9791,0.2031 timestamp: 1512295262517
0.0002,-0.0099,0.9812,0.1927 timestamp: 1512295262537
0.0000,-0.0100,0.9851,0.1717 timestamp: 1512295262557
-0.0001,-0.0101,0.9872,0.1592 timestamp: 1512295262577
-0.0004,-0.0102,0.9901,0.1400 timestamp: 1512295262617
-0.0005,-0.0104,0.9921,0.1250 timestamp: 1512295262620
-0.0007,-0.0104,0.9938,0.1107 timestamp: 1512295262638
-0.0008,-0.0105,0.9952,0.0973 timestamp: 1512295262677
-0.0010,-0.0106,0.9968,0.0792 timestamp: 1512295262681
-0.0012,-0.0106,0.9981,0.0607 timestamp: 1512295262698
-0.0013,-0.0106,0.9990,0.0434 timestamp: 1512295262737
-0.0016,-0.0107,0.9995,0.0297 timestamp: 1512295262757
-0.0018,-0.0108,0.9998,0.0167 timestamp: 1512295262798
0.0019,0.0109,-0.9999,0.0088 timestamp: 1512295262801
0.0020,0.0109,-0.9998,0.0167 timestamp: 1512295262827
0.0022,0.0109,-0.9994,0.0328 timestamp: 1512295262842
0.0024,0.0110,-0.9989,0.0455 timestamp: 1512295262877
0.0024,0.0110,-0.9985,0.0536 timestamp: 1512295262880
0.0026,0.0110,-0.9979,0.0638 timestamp: 1512295262897
0.0027,0.0110,-0.9971,0.0753 timestamp: 1512295262917
0.0028,0.0110,-0.9963,0.0852 timestamp: 1512295262938
0.0028,0.0110,-0.9952,0.0972 timestamp: 1512295262957
0.0030,0.0110,-0.9941,0.1079 timestamp: 1512295262977
0.0031,0.0110,-0.9928,0.1192 timestamp: 1512295263017
0.0032,0.0110,-0.9914,0.1304 timestamp: 1512295263020
0.0033,0.0110,-0.9899,0.1413 timestamp: 1512295263037
0.0035,0.0110,-0.9882,0.1527 timestamp: 1512295263057
0.0037,0.0110,-0.9850,0.1722 timestamp: 1512295263098
0.0037,0.0110,-0.9831,0.1827 timestamp: 1512295263102
0.0038,0.0110,-0.9815,0.1911 timestamp: 1512295263128
0.0038,0.0111,-0.9800,0.1987 timestamp: 1512295263157
0.0040,0.0111,-0.9778,0.2092 timestamp: 1512295263161
0.0041,0.0110,-0.9750,0.2219 timestamp: 1512295263177
0.0041,0.0110,-0.9727,0.2318 timestamp: 1512295263197
0.0042,0.0110,-0.9705,0.2408 timestamp: 1512295263217
0.0044,0.0110,-0.9687,0.2480 timestamp: 1512295263238
0.0044,0.0109,-0.9667,0.2556 timestamp: 1512295263278
0.0046,0.0109,-0.9631,0.2689 timestamp: 1512295263285
0.0047,0.0108,-0.9604,0.2784 timestamp: 1512295263318
0.0047,0.0108,-0.9587,0.2842 timestamp: 1512295263320
0.0048,0.0108,-0.9555,0.2948 timestamp: 1512295263337
0.0049,0.0108,-0.9532,0.3021 timestamp: 1512295263357
0.0049,0.0107,-0.9507,0.3099 timestamp: 1512295263377
0.0049,0.0107,-0.9486,0.3163 timestamp: 1512295263397
0.0049,0.0107,-0.9474,0.3198 timestamp: 1512295263438
0.0050,0.0107,-0.9462,0.3234 timestamp: 1512295263440
0.0050,0.0106,-0.9447,0.3277 timestamp: 1512295263458
0.0051,0.0107,-0.9440,0.3297 timestamp: 1512295263498
0.0051,0.0107,-0.9435,0.3312 timestamp: 1512295263502
0.0051,0.0107,-0.9428,0.3331 timestamp: 1512295263529
0.0052,0.0107,-0.9423,0.3346 timestamp: 1512295263567
0.0052,0.0107,-0.9417,0.3362 timestamp: 1512295263571
0.0052,0.0107,-0.9411,0.3379 timestamp: 1512295263587
0.0052,0.0107,-0.9404,0.3399 timestamp: 1512295263607
0.0053,0.0107,-0.9399,0.3412 timestamp: 1512295263627
0.0053,0.0107,-0.9400,0.3410 timestamp: 1512295263667
0.0053,0.0107,-0.9399,0.3412 timestamp: 1512295263670
0.0053,0.0107,-0.9397,0.3418 timestamp: 1512295263687
0.0054,0.0107,-0.9394,0.3426 timestamp: 1512295263706
0.0054,0.0107,-0.9389,0.3440 timestamp: 1512295263727
0.0054,0.0107,-0.9388,0.3443 timestamp: 1512295263747
0.0054,0.0107,-0.9389,0.3440 timestamp: 1512295263767
0.0054,0.0107,-0.9384,0.3453 timestamp: 1512295263787
0.0055,0.0107,-0.9378,0.3470 timestamp: 1512295263808
0.0055,0.0107,-0.9377,0.3472 timestamp: 1512295263827
