0.0097,0.0128,-0.9245,0.3808
0.0097,0.0128,-0.9245,0.3808
0.0097,0.0128,-0.9246,0.3806
0.0098,0.0129,-0.9244,0.3811
0.0099,0.0129,-0.9232,0.3840
0.0100,0.0129,-0.9218,0.3873
0.0100,0.0128,-0.9199,0.3918
0.0100,0.0128,-0.9174,0.3976
0.0101,0.0128,-0.9142,0.4049
0.0103,0.0127,-0.9108,0.4125
0.0104,0.0127,-0.9070,0.4208
0.0105,0.0126,-0.9027,0.4300
0.0106,0.0126,-0.8976,0.4405
0.0107,0.0125,-0.8915,0.4527
0.0110,0.0124,-0.8810,0.4728
0.0112,0.0123,-0.8730,0.4874
0.0114,0.0122,-0.8646,0.5022
0.0116,0.0122,-0.8556,0.5174
0.0117,0.0120,-0.8464,0.5323
0.0120,0.0119,-0.8347,0.5504
0.0121,0.0118,-0.8246,0.5655
0.0123,0.0116,-0.8148,0.5795
0.0126,0.0114,-0.8045,0.5937
0.0127,0.0111,-0.7933,0.6086
0.0129,0.0109,-0.7826,0.6223
0.0130,0.0108,-0.7718,0.6356
0.0133,0.0108,-0.7617,0.6477
0.0134,0.0106,-0.7466,0.6651
0.0136,0.0104,-0.7318,0.6813
0.0138,0.0101,-0.7161,0.6978
0.0139,0.0099,-0.7031,0.7109
0.0141,0.0097,-0.6909,0.7227
0.0142,0.0095,-0.6782,0.7347
0.0143,0.0094,-0.6649,0.7467
0.0143,0.0091,-0.6508,0.7591
0.0144,0.0088,-0.6304,0.7761
0.0145,0.0087,-0.6148,0.7885
0.0145,0.0083,-0.5979,0.8014
0.0146,0.0082,-0.5809,0.8138
0.0148,0.0079,-0.5544,0.8321
0.0149,0.0075,-0.5261,0.8503
0.0149,0.0071,-0.4998,0.8660
0.0149,0.0068,-0.4802,0.8770
0.0150,0.0064,-0.4535,0.8911
0.0151,0.0061,-0.4337,0.9009
0.0151,0.0058,-0.4081,0.9128
0.0151,0.0056,-0.3907,0.9204
0.0153,0.0052,-0.3615,0.9322
0.0154,0.0048,-0.3335,0.9426
0.0154,0.0044,-0.3101,0.9506
0.0153,0.0039,-0.2903,0.9568
0.0152,0.0035,-0.2587,0.9658
0.0152,0.0034,-0.2417,0.9702
0.0153,0.0032,-0.2230,0.9747
0.0152,0.0029,-0.2007,0.9795
0.0151,0.0026,-0.1758,0.9843
0.0151,0.0022,-0.1515,0.9883
0.0151,0.0017,-0.1222,0.9924
0.0151,0.0014,-0.1038,0.9945
0.0151,0.0011,-0.0843,0.9963
0.0150,0.0007,-0.0625,0.9979
0.0148,0.0005,-0.0376,0.9992
0.0148,0.0001,-0.0126,0.9998
0.0147,-0.0001,0.0057,0.9999
0.0145,-0.0005,0.0339,0.9993
0.0145,-0.0008,0.0570,0.9983
0.0144,-0.0011,0.0766,0.9970
0.0145,-0.0014,0.0961,0.9953
0.0143,-0.0016,0.1135,0.9934
0.0141,-0.0018,0.1309,0.9913
0.0140,-0.0020,0.1488,0.9888
0.0140,-0.0023,0.1718,0.9850
0.0139,-0.0026,0.1921,0.9813
0.0138,-0.0028,0.2101,0.9776
0.0137,-0.0032,0.2269,0.9738
0.0136,-0.0034,0.2428,0.9700
0.0134,-0.0035,0.2587,0.9659
0.0132,-0.0039,0.2810,0.9596
0.0130,-0.0041,0.2955,0.9552
0.0129,-0.0042,0.3094,0.9508
0.0127,-0.0044,0.3222,0.9466
0.0126,-0.0046,0.3339,0.9425
0.0125,-0.0048,0.3478,0.9375
0.0123,-0.0049,0.3578,0.9337
0.0122,-0.0051,0.3695,0.9291
0.0121,-0.0053,0.3804,0.9247
0.0119,-0.0055,0.3921,0.9198
0.0118,-0.0055,0.4018,0.9156
0.0116,-0.0056,0.4127,0.9108
0.0115,-0.0058,0.4225,0.9063
0.0114,-0.0058,0.4307,0.9024
0.0113,-0.0060,0.4453,0.8953
0.0112,-0.0061,0.4536,0.8911
0.0110,-0.0061,0.4611,0.8873
0.0109,-0.0062,0.4696,0.8828
0.0108,-0.0063,0.4770,0.8788
0.0107,-0.0063,0.4837,0.8751
0.0106,-0.0064,0.4900,0.8716
0.0106,-0.0065,0.4969,0.8677
0.0106,-0.0066,0.5019,0.8648
0.0105,-0.0066,0.5058,0.8626
0.0105,-0.0067,0.5094,0.8604
0.0104,-0.0066,0.5121,0.8588
0.0103,-0.0066,0.5151,0.8570
0.0103,-0.0066,0.5185,0.8550
0.0103,-0.0066,0.5204,0.8538
0.0102,-0.0065,0.5206,0.8537
0.0102,-0.0065,0.5195,0.8544
0.0102,-0.0064,0.5195,0.8544
0.0102,-0.0064,0.5207,0.8537
0.0102,-0.0063,0.5208,0.8536
0.0102,-0.0062,0.5205,0.8538
0.0101,-0.0062,0.5205,0.8538
0.0101,-0.0061,0.5201,0.8540
0.0101,-0.0061,0.5197,0.8543
0.0101,-0.0060,0.5201,0.8540
0.0101,-0.0060,0.5200,0.8541
0.0101,-0.0059,0.5197,0.8543
0.0101,-0.0059,0.5194,0.8545
0.0101,-0.0058,0.5197,0.8543
0.0101,-0.0058,0.5197,0.8543
0.0100,-0.0057,0.5197,0.8543
0.0100,-0.0057,0.5199,0.8541
0.0100,-0.0056,0.5195,0.8544
0.0100,-0.0055,0.5193,0.8545
0.0100,-0.0055,0.5191,0.8546
0.0100,-0.0054,0.5186,0.8549
0.0100,-0.0054,0.5185,0.8550
0.0100,-0.0053,0.5188,0.8548
0.0100,-0.0053,0.5190,0.8547
0.0100,-0.0052,0.5187,0.8549
0.0099,-0.0051,0.5183,0.8551
0.0099,-0.0051,0.5184,0.8551
0.0099,-0.0050,0.5183,0.8551
0.0099,-0.0050,0.5180,0.8553
0.0099,-0.0049,0.5178,0.8554
0.0099,-0.0049,0.5178,0.8554
0.0099,-0.0048,0.5179,0.8554
0.0099,-0.0048,0.5179,0.8554
0.0099,-0.0047,0.5175,0.8556
0.0098,-0.0047,0.5174,0.8557
0.0098,-0.0046,0.5173,0.8557
0.0098,-0.0045,0.5170,0.8559
0.0098,-0.0045,0.5168,0.8560
0.0098,-0.0045,0.5167,0.8561
0.0098,-0.0044,0.5168,0.8560
0.0098,-0.0044,0.5171,0.8559
0.0098,-0.0043,0.5173,0.8557
0.0098,-0.0043,0.5177,0.8555
0.0097,-0.0043,0.5202,0.8540
0.0096,-0.0043,0.5250,0.8510
0.0095,-0.0043,0.5318,0.8468
0.0095,-0.0045,0.5399,0.8417
0.0094,-0.0046,0.5481,0.8363
0.0093,-0.0047,0.5556,0.8314
0.0092,-0.0048,0.5640,0.8257
0.0091,-0.0050,0.5744,0.8185
0.0090,-0.0052,0.5850,0.8110
0.0088,-0.0055,0.6026,0.7980
0.0086,-0.0057,0.6134,0.7897
0.0085,-0.0059,0.6238,0.7815
0.0085,-0.0060,0.6341,0.7732
0.0083,-0.0061,0.6444,0.7646
0.0083,-0.0063,0.6545,0.7560
0.0081,-0.0063,0.6634,0.7482
0.0079,-0.0065,0.6751,0.7377
0.0077,-0.0067,0.6887,0.7250
0.0075,-0.0070,0.7033,0.7108
0.0074,-0.0073,0.7170,0.6970
0.0071,-0.0075,0.7292,0.6842
0.0071,-0.0075,0.7329,0.6803
0.0068,-0.0076,0.7446,0.6674
0.0065,-0.0077,0.7567,0.6537
0.0063,-0.0078,0.7648,0.6442
0.0063,-0.0080,0.7720,0.6355
0.0062,-0.0082,0.7827,0.6223
0.0061,-0.0083,0.7916,0.6110
0.0058,-0.0084,0.8036,0.5951
0.0055,-0.0086,0.8157,0.5784
0.0053,-0.0088,0.8221,0.5693
0.0051,-0.0089,0.8289,0.5593
0.0049,-0.0090,0.8386,0.5447
0.0048,-0.0092,0.8483,0.5294
0.0045,-0.0094,0.8606,0.5092
0.0040,-0.0096,0.8740,0.4858
0.0037,-0.0097,0.8840,0.4674
0.0036,-0.0100,0.8931,0.4497
0.0034,-0.0102,0.9019,0.4318
0.0031,-0.0103,0.9106,0.4131
0.0030,-0.0105,0.9153,0.4026
0.0027,-0.0107,0.9232,0.3842
0.0025,-0.0108,0.9278,0.3729
0.0023,-0.0108,0.9314,0.3638
0.0021,-0.0108,0.9369,0.3494
0.0017,-0.0109,0.9437,0.3306
0.0015,-0.0109,0.9496,0.3133
0.0013,-0.0110,0.9551,0.2961
0.0010,-0.0111,0.9604,0.2784
0.0006,-0.0113,0.9679,0.2511
0.0004,-0.0114,0.9715,0.2368
0.0002,-0.0114,0.9755,0.2197
0.0001,-0.0114,0.9791,0.2031
-0.0002,-0.0115,0.9826,0.1854
-0.0004,-0.0116,0.9861,0.1657
-0.0006,-0.0117,0.9876,0.1566
-0.0008,-0.0118,0.9906,0.1363
-0.0010,-0.0119,0.9930,0.1175
-0.0013,-0.0119,0.9950,0.0992
-0.0016,-0.0120,0.9965,0.0827
-0.0017,-0.0121,0.9977,0.0667
-0.0019,-0.0121,0.9984,0.0552
-0.0021,-0.0122,0.9991,0.0406
-0.0023,-0.0124,0.9996,0.0253
-0.0025,-0.0124,0.9998,0.0155
0.0027,0.0124,-0.9999,0.0062
0.0029,0.0125,-0.9998,0.0153
0.0030,0.0124,-0.9996,0.0252
0.0031,0.0124,-0.9991,0.0404
0.0034,0.0125,-0.9984,0.0550
0.0035,0.0125,-0.9976,0.0680
0.0037,0.0126,-0.9968,0.0789
0.0039,0.0126,-0.9958,0.0906
0.0040,0.0126,-0.9946,0.1029
0.0041,0.0126,-0.9933,0.1148
0.0042,0.0126,-0.9924,0.1223
0.0043,0.0126,-0.9911,0.1325
0.0045,0.0127,-0.9895,0.1439
0.0045,0.0127,-0.9890,0.1473
0.0046,0.0127,-0.9884,0.1513
0.0048,0.0128,-0.9868,0.1614
0.0051,0.0128,-0.9849,0.1726
0.0053,0.0127,-0.9826,0.1852
0.0054,0.0126,-0.9803,0.1970
0.0055,0.0126,-0.9785,0.2058
0.0056,0.0125,-0.9768,0.2137
0.0058,0.0125,-0.9746,0.2235
0.0059,0.0125,-0.9721,0.2342
0.0061,0.0124,-0.9694,0.2451
0.0062,0.0124,-0.9668,0.2552
0.0063,0.0124,-0.9644,0.2641
0.0064,0.0124,-0.9625,0.2709
0.0065,0.0124,-0.9607,0.2772
0.0065,0.0124,-0.9587,0.2841
0.0066,0.0124,-0.9565,0.2914
0.0067,0.0123,-0.9545,0.2979
0.0067,0.0123,-0.9522,0.3052
0.0067,0.0123,-0.9507,0.3098
0.0067,0.0123,-0.9496,0.3132
0.0068,0.0123,-0.9478,0.3186
0.0069,0.0123,-0.9465,0.3224
0.0070,0.0123,-0.9452,0.3262
0.0070,0.0123,-0.9439,0.3299
0.0070,0.0123,-0.9429,0.3328
0.0071,0.0122,-0.9407,0.3389
0.0072,0.0122,-0.9386,0.3447
0.0073,0.0121,-0.9374,0.3480
0.0073,0.0121,-0.9367,0.3498
0.0073,0.0121,-0.9365,0.3504
0.0073,0.0121,-0.9364,0.3506
0.0073,0.0121,-0.9357,0.3525
0.0073,0.0121,-0.9355,0.3530
0.0073,0.0121,-0.9357,0.3525
0.0073,0.0121,-0.9358,0.3522
0.0073,0.0121,-0.9356,0.3528
0.0074,0.0121,-0.9351,0.3541
0.0074,0.0121,-0.9349,0.3546
0.0074,0.0121,-0.9347,0.3552
0.0074,0.0121,-0.9338,0.3575
0.0075,0.0121,-0.9333,0.3588
0.0075,0.0121,-0.9330,0.3596
0.0075,0.0121,-0.9329,0.3599
0.0075,0.0121,-0.9327,0.3604
0.0075,0.0121,-0.9330,0.3596
0.0075,0.0121,-0.9330,0.3596
0.0075,0.0121,-0.9328,0.3601
0.0075,0.0121,-0.9327,0.3604




















































































































































































































































































