0.0082,0.0128,-0.9409,0.3383
0.0083,0.0128,-0.9390,0.3436
0.0084,0.0128,-0.9369,0.3493
0.0086,0.0128,-0.9346,0.3554
0.0087,0.0128,-0.9322,0.3616
0.0088,0.0127,-0.9296,0.3682
0.0090,0.0127,-0.9268,0.3752
0.0091,0.0127,-0.9236,0.3830
0.0091,0.0126,-0.9202,0.3911
0.0092,0.0126,-0.9165,0.3997
0.0094,0.0126,-0.9121,0.4097
0.0096,0.0126,-0.9075,0.4198
0.0097,0.0124,-0.8992,0.4373
0.0098,0.0123,-0.8930,0.4498
0.0099,0.0122,-0.8863,0.4628
0.0102,0.0122,-0.8794,0.4758
0.0103,0.0121,-0.8720,0.4892
0.0104,0.0119,-0.8634,0.5043
0.0106,0.0119,-0.8533,0.5212
0.0108,0.0118,-0.8429,0.5378
0.0110,0.0117,-0.8328,0.5533
0.0111,0.0115,-0.8234,0.5672
0.0113,0.0114,-0.8146,0.5798
0.0115,0.0111,-0.8034,0.5952
0.0118,0.0111,-0.7915,0.6110
0.0119,0.0109,-0.7803,0.6252
0.0122,0.0106,-0.7625,0.6468
0.0123,0.0105,-0.7523,0.6586
0.0124,0.0103,-0.7419,0.6703
0.0126,0.0098,-0.7204,0.6934
0.0128,0.0095,-0.7035,0.7105
0.0128,0.0094,-0.6925,0.7212
0.0131,0.0093,-0.6742,0.7384
0.0132,0.0090,-0.6592,0.7518
0.0133,0.0086,-0.6429,0.7658
0.0134,0.0085,-0.6295,0.7768
0.0135,0.0084,-0.6158,0.7877
0.0136,0.0082,-0.6025,0.7980
0.0137,0.0080,-0.5883,0.8085
0.0138,0.0078,-0.5711,0.8207
0.0138,0.0074,-0.5527,0.8332
0.0139,0.0073,-0.5413,0.8407
0.0140,0.0069,-0.5246,0.8512
0.0140,0.0067,-0.5072,0.8617
0.0141,0.0065,-0.4912,0.8709
0.0142,0.0063,-0.4756,0.8795
0.0143,0.0061,-0.4638,0.8858
0.0143,0.0059,-0.4523,0.8917
0.0143,0.0057,-0.4405,0.8976
0.0143,0.0054,-0.4235,0.9058
0.0143,0.0052,-0.4073,0.9132
0.0143,0.0051,-0.3896,0.9209
0.0143,0.0049,-0.3739,0.9273
0.0143,0.0048,-0.3582,0.9335
0.0142,0.0044,-0.3235,0.9461
0.0142,0.0041,-0.2958,0.9551
0.0142,0.0038,-0.2745,0.9615
0.0142,0.0034,-0.2530,0.9674
0.0141,0.0032,-0.2298,0.9731
0.0141,0.0029,-0.2099,0.9776
0.0140,0.0027,-0.1897,0.9817
0.0140,0.0024,-0.1688,0.9855
0.0139,0.0020,-0.1390,0.9902
0.0139,0.0017,-0.1165,0.9931
0.0137,0.0011,-0.0808,0.9966
0.0136,0.0009,-0.0568,0.9983
0.0135,0.0006,-0.0247,0.9996
0.0134,0.0002,0.0085,0.9999
0.0132,-0.0002,0.0448,0.9989
0.0132,-0.0005,0.0701,0.9975
0.0130,-0.0008,0.0916,0.9957
0.0129,-0.0010,0.1079,0.9941
0.0127,-0.0011,0.1241,0.9922
0.0126,-0.0013,0.1442,0.9895
0.0125,-0.0017,0.1660,0.9860
0.0124,-0.0019,0.1834,0.9830
0.0122,-0.0021,0.2017,0.9794
0.0121,-0.0023,0.2199,0.9754
0.0120,-0.0025,0.2364,0.9716
0.0118,-0.0027,0.2535,0.9673
0.0117,-0.0029,0.2685,0.9632
0.0116,-0.0030,0.2823,0.9593
0.0114,-0.0032,0.3032,0.9529
0.0113,-0.0034,0.3140,0.9493
0.0112,-0.0035,0.3272,0.9449
0.0111,-0.0037,0.3392,0.9406
0.0110,-0.0038,0.3496,0.9368
0.0109,-0.0039,0.3601,0.9328
0.0108,-0.0039,0.3711,0.9285
0.0107,-0.0041,0.3825,0.9239
0.0107,-0.0044,0.3939,0.9191
0.0105,-0.0045,0.4056,0.9140
0.0104,-0.0045,0.4168,0.9089
0.0104,-0.0046,0.4261,0.9046
0.0103,-0.0048,0.4350,0.9004
0.0102,-0.0049,0.4439,0.8960
0.0100,-0.0050,0.4557,0.8901
0.0099,-0.0049,0.4619,0.8869
0.0099,-0.0049,0.4681,0.8836
0.0099,-0.0050,0.4732,0.8809
0.0098,-0.0049,0.4769,0.8789
0.0098,-0.0050,0.4814,0.8764
0.0098,-0.0050,0.4844,0.8748
0.0098,-0.0050,0.4860,0.8739
0.0097,-0.0049,0.4879,0.8728
0.0097,-0.0049,0.4899,0.8717
0.0097,-0.0049,0.4912,0.8710
0.0096,-0.0048,0.4924,0.8703
0.0096,-0.0049,0.4948,0.8689
0.0096,-0.0048,0.4970,0.8677
0.0096,-0.0048,0.4983,0.8669
0.0095,-0.0047,0.4998,0.8661
0.0095,-0.0046,0.5018,0.8649
0.0094,-0.0046,0.5042,0.8635
0.0094,-0.0046,0.5060,0.8625
0.0093,-0.0045,0.5078,0.8614
0.0094,-0.0045,0.5105,0.8598
0.0093,-0.0045,0.5124,0.8587
0.0093,-0.0045,0.5129,0.8584
0.0093,-0.0044,0.5131,0.8583
0.0093,-0.0044,0.5138,0.8578
0.0093,-0.0043,0.5141,0.8577
0.0093,-0.0043,0.5142,0.8576
0.0093,-0.0043,0.5144,0.8575
0.0093,-0.0042,0.5145,0.8574
0.0093,-0.0042,0.5143,0.8575
0.0093,-0.0041,0.5145,0.8574
0.0093,-0.0041,0.5147,0.8573
0.0092,-0.0040,0.5146,0.8574
0.0092,-0.0040,0.5148,0.8573
0.0092,-0.0040,0.5151,0.8571
0.0092,-0.0039,0.5152,0.8570
0.0092,-0.0039,0.5149,0.8572
0.0092,-0.0038,0.5146,0.8574
0.0092,-0.0038,0.5148,0.8573
0.0092,-0.0038,0.5154,0.8569
0.0092,-0.0037,0.5160,0.8565
0.0092,-0.0037,0.5164,0.8563
0.0091,-0.0036,0.5159,0.8566
0.0091,-0.0036,0.5157,0.8567
0.0091,-0.0035,0.5153,0.8570
0.0091,-0.0035,0.5147,0.8573
0.0091,-0.0034,0.5144,0.8575
0.0091,-0.0034,0.5141,0.8577
0.0091,-0.0033,0.5139,0.8578
0.0091,-0.0033,0.5137,0.8579
0.0091,-0.0033,0.5135,0.8580
0.0091,-0.0032,0.5131,0.8583
0.0091,-0.0032,0.5131,0.8583
0.0091,-0.0031,0.5132,0.8582
0.0091,-0.0031,0.5132,0.8582
0.0091,-0.0030,0.5132,0.8582
0.0091,-0.0030,0.5136,0.8580
0.0091,-0.0030,0.5139,0.8578
0.0091,-0.0029,0.5139,0.8578
0.0090,-0.0029,0.5138,0.8579
0.0090,-0.0029,0.5137,0.8579
0.0090,-0.0028,0.5145,0.8574
0.0090,-0.0028,0.5155,0.8568
0.0089,-0.0027,0.5162,0.8564
0.0089,-0.0027,0.5178,0.8555
0.0089,-0.0027,0.5209,0.8536
0.0088,-0.0028,0.5253,0.8509
0.0088,-0.0028,0.5305,0.8476
0.0090,-0.0033,0.5356,0.8444
0.0093,-0.0037,0.5412,0.8408
0.0097,-0.0045,0.5497,0.8353
0.0102,-0.0052,0.5558,0.8312
0.0104,-0.0058,0.5620,0.8271
0.0117,-0.0074,0.5695,0.8219
0.0107,-0.0068,0.5786,0.8155
0.0092,-0.0057,0.5894,0.8078
0.0068,-0.0036,0.6016,0.7988
0.0074,-0.0046,0.6141,0.7892
0.0069,-0.0044,0.6265,0.7794
0.0067,-0.0045,0.6378,0.7702
0.0065,-0.0045,0.6491,0.7607
0.0064,-0.0045,0.6607,0.7506
0.0063,-0.0045,0.6727,0.7399
0.0060,-0.0037,0.6902,0.7236
0.0071,-0.0051,0.7015,0.7126
0.0069,-0.0052,0.7088,0.7054
0.0068,-0.0053,0.7163,0.6977
0.0067,-0.0055,0.7248,0.6889
0.0066,-0.0055,0.7346,0.6784
0.0064,-0.0056,0.7455,0.6665
0.0062,-0.0057,0.7562,0.6543
0.0060,-0.0058,0.7667,0.6420
0.0059,-0.0060,0.7792,0.6267
0.0057,-0.0062,0.7919,0.6106
0.0055,-0.0064,0.8046,0.5938
0.0054,-0.0066,0.8171,0.5764
0.0053,-0.0068,0.8230,0.5680
0.0050,-0.0070,0.8353,0.5497
0.0048,-0.0068,0.8448,0.5350
0.0046,-0.0069,0.8522,0.5232
0.0044,-0.0070,0.8602,0.5099
0.0042,-0.0071,0.8700,0.4930
0.0040,-0.0073,0.8810,0.4730
0.0037,-0.0073,0.8877,0.4603
0.0036,-0.0074,0.8938,0.4484
0.0034,-0.0076,0.9028,0.4300
0.0031,-0.0076,0.9080,0.4189
0.0029,-0.0077,0.9139,0.4059
0.0026,-0.0079,0.9213,0.3888
0.0025,-0.0081,0.9304,0.3664
0.0023,-0.0082,0.9381,0.3463
0.0023,-0.0084,0.9418,0.3361
0.0018,-0.0084,0.9501,0.3118
0.0016,-0.0086,0.9553,0.2955
0.0014,-0.0088,0.9620,0.2729
0.0011,-0.0089,0.9682,0.2500
0.0009,-0.0091,0.9735,0.2285
0.0007,-0.0091,0.9783,0.2070
0.0006,-0.0092,0.9818,0.1897
0.0004,-0.0093,0.9854,0.1700
0.0002,-0.0094,0.9882,0.1529
0.0001,-0.0095,0.9912,0.1320
0.0000,-0.0097,0.9930,0.1177
-0.0002,-0.0098,0.9950,0.0994
-0.0006,-0.0099,0.9974,0.0714
-0.0007,-0.0100,0.9985,0.0538
-0.0008,-0.0100,0.9992,0.0387
-0.0010,-0.0101,0.9996,0.0264
-0.0012,-0.0102,0.9998,0.0172
0.0014,0.0102,-0.9999,0.0097
0.0016,0.0103,-0.9997,0.0222
0.0018,0.0104,-0.9994,0.0330
0.0019,0.0105,-0.9989,0.0457
0.0021,0.0106,-0.9981,0.0607
0.0023,0.0107,-0.9972,0.0740
0.0025,0.0107,-0.9961,0.0875
0.0027,0.0106,-0.9948,0.1013
0.0028,0.0106,-0.9933,0.1150
0.0030,0.0106,-0.9912,0.1319
0.0030,0.0106,-0.9894,0.1448
0.0031,0.0106,-0.9878,0.1553
0.0032,0.0107,-0.9863,0.1646
0.0033,0.0107,-0.9848,0.1733
0.0034,0.0107,-0.9828,0.1843
0.0035,0.0108,-0.9810,0.1937
0.0036,0.0108,-0.9791,0.2031
0.0038,0.0108,-0.9766,0.2148
0.0039,0.0108,-0.9745,0.2241
0.0039,0.0108,-0.9728,0.2314
0.0039,0.0108,-0.9714,0.2372
0.0040,0.0108,-0.9696,0.2444
0.0041,0.0108,-0.9681,0.2503
0.0041,0.0108,-0.9656,0.2598
0.0041,0.0108,-0.9641,0.2653
0.0042,0.0108,-0.9624,0.2714
0.0042,0.0108,-0.9611,0.2760
0.0042,0.0107,-0.9603,0.2787
0.0043,0.0108,-0.9592,0.2825
0.0044,0.0108,-0.9579,0.2869
0.0045,0.0108,-0.9568,0.2905
0.0045,0.0108,-0.9557,0.2941
0.0045,0.0107,-0.9544,0.2983
0.0046,0.0108,-0.9536,0.3008
0.0046,0.0108,-0.9526,0.3040
0.0047,0.0108,-0.9519,0.3062
0.0048,0.0108,-0.9510,0.3090
0.0049,0.0108,-0.9494,0.3138
0.0049,0.0108,-0.9485,0.3166
0.0050,0.0108,-0.9477,0.3189
0.0050,0.0108,-0.9466,0.3222
0.0049,0.0108,-0.9457,0.3248
0.0050,0.0108,-0.9450,0.3269
0.0050,0.0108,-0.9443,0.3289
0.0050,0.0108,-0.9438,0.3303
0.0051,0.0108,-0.9439,0.3300
0.0051,0.0108,-0.9439,0.3300
0.0051,0.0108,-0.9436,0.3309
0.0051,0.0108,-0.9432,0.3320
0.0051,0.0108,-0.9430,0.3326
0.0052,0.0108,-0.9426,0.3337




















































































































































































































































































