0.0089,0.0106,-0.8594,0.5111 timestamp: 1511955242582
0.0087,0.0105,-0.8594,0.5111 timestamp: 1511955242583
0.0088,0.0106,-0.8594,0.5111 timestamp: 1511955242589
0.0087,0.0105,-0.8593,0.5113 timestamp: 1511955242629
0.0087,0.0106,-0.8593,0.5113 timestamp: 1511955242630
0.0088,0.0105,-0.8593,0.5113 timestamp: 1511955242649
0.0088,0.0105,-0.8591,0.5116 timestamp: 1511955242669
0.0088,0.0105,-0.8590,0.5118 timestamp: 1511955242689
0.0088,0.0105,-0.8589,0.5120 timestamp: 1511955242709
0.0088,0.0105,-0.8588,0.5121 timestamp: 1511955242730
0.0088,0.0106,-0.8585,0.5126 timestamp: 1511955242770
0.0089,0.0106,-0.8583,0.5130 timestamp: 1511955242777
0.0089,0.0106,-0.8582,0.5131 timestamp: 1511955242790
0.0090,0.0106,-0.8583,0.5130 timestamp: 1511955242829
0.0089,0.0106,-0.8584,0.5128 timestamp: 1511955242831
0.0089,0.0105,-0.8583,0.5130 timestamp: 1511955242850
0.0089,0.0105,-0.8584,0.5128 timestamp: 1511955242890
0.0090,0.0106,-0.8585,0.5126 timestamp: 1511955242891
0.0090,0.0106,-0.8584,0.5128 timestamp: 1511955242931
0.0090,0.0106,-0.8583,0.5130 timestamp: 1511955242932
0.0091,0.0106,-0.8582,0.5131 timestamp: 1511955242951
0.0091,0.0106,-0.8581,0.5133 timestamp: 1511955242990
0.0091,0.0106,-0.8581,0.5133 timestamp: 1511955242992
0.0091,0.0106,-0.8581,0.5133 timestamp: 1511955243033
0.0091,0.0106,-0.8581,0.5133 timestamp: 1511955243037
0.0091,0.0106,-0.8580,0.5135 timestamp: 1511955243050
0.0091,0.0106,-0.8581,0.5133 timestamp: 1511955243071
0.0091,0.0107,-0.8581,0.5133 timestamp: 1511955243111
0.0091,0.0107,-0.8581,0.5133 timestamp: 1511955243112
0.0091,0.0107,-0.8580,0.5135 timestamp: 1511955243131
0.0091,0.0107,-0.8578,0.5138 timestamp: 1511955243170
0.0091,0.0107,-0.8576,0.5141 timestamp: 1511955243170
0.0091,0.0107,-0.8575,0.5143 timestamp: 1511955243210
0.0091,0.0107,-0.8574,0.5145 timestamp: 1511955243210
0.0093,0.0107,-0.8575,0.5143 timestamp: 1511955243249
0.0094,0.0106,-0.8576,0.5141 timestamp: 1511955243250
0.0092,0.0107,-0.8576,0.5141 timestamp: 1511955243270
0.0092,0.0107,-0.8575,0.5143 timestamp: 1511955243290
0.0092,0.0107,-0.8576,0.5141 timestamp: 1511955243309
0.0092,0.0107,-0.8575,0.5143 timestamp: 1511955243350
0.0092,0.0107,-0.8575,0.5143 timestamp: 1511955243351
0.0092,0.0107,-0.8574,0.5145 timestamp: 1511955243369
0.0092,0.0107,-0.8574,0.5145 timestamp: 1511955243429
0.0092,0.0107,-0.8573,0.5146 timestamp: 1511955243430
0.0092,0.0107,-0.8573,0.5146 timestamp: 1511955243449
0.0092,0.0107,-0.8573,0.5146 timestamp: 1511955243469
0.0092,0.0107,-0.8573,0.5146 timestamp: 1511955243490
0.0092,0.0107,-0.8572,0.5148 timestamp: 1511955243530
0.0092,0.0107,-0.8572,0.5148 timestamp: 1511955243531
0.0092,0.0107,-0.8572,0.5148 timestamp: 1511955243570
0.0092,0.0107,-0.8572,0.5148 timestamp: 1511955243571
0.0092,0.0107,-0.8572,0.5148 timestamp: 1511955243590
0.0093,0.0107,-0.8572,0.5148 timestamp: 1511955243629
0.0093,0.0107,-0.8572,0.5148 timestamp: 1511955243630
0.0093,0.0107,-0.8572,0.5148 timestamp: 1511955243649
0.0093,0.0107,-0.8572,0.5148 timestamp: 1511955243689
0.0093,0.0107,-0.8572,0.5148 timestamp: 1511955243690
0.0093,0.0107,-0.8572,0.5148 timestamp: 1511955243710
0.0093,0.0107,-0.8572,0.5148 timestamp: 1511955243730
0.0093,0.0107,-0.8571,0.5150 timestamp: 1511955243770
0.0093,0.0107,-0.8571,0.5150 timestamp: 1511955243771
0.0093,0.0107,-0.8572,0.5148 timestamp: 1511955243790
0.0093,0.0107,-0.8572,0.5148 timestamp: 1511955243810
0.0094,0.0107,-0.8571,0.5150 timestamp: 1511955243851
0.0095,0.0107,-0.8567,0.5156 timestamp: 1511955243852
0.0097,0.0108,-0.8564,0.5161 timestamp: 1511955243871
0.0098,0.0108,-0.8555,0.5176 timestamp: 1511955243890
0.0098,0.0109,-0.8545,0.5192 timestamp: 1511955243930
0.0098,0.0107,-0.8532,0.5214 timestamp: 1511955243932
0.0099,0.0107,-0.8517,0.5238 timestamp: 1511955243950
0.0099,0.0105,-0.8501,0.5264 timestamp: 1511955243971
0.0101,0.0105,-0.8483,0.5293 timestamp: 1511955243993
0.0101,0.0105,-0.8463,0.5325 timestamp: 1511955244029
0.0101,0.0104,-0.8439,0.5363 timestamp: 1511955244031
0.0103,0.0106,-0.8391,0.5438 timestamp: 1511955244050
0.0105,0.0107,-0.8352,0.5497 timestamp: 1511955244090
0.0106,0.0107,-0.8304,0.5570 timestamp: 1511955244091
0.0108,0.0107,-0.8244,0.5658 timestamp: 1511955244130
0.0110,0.0106,-0.8173,0.5760 timestamp: 1511955244131
0.0111,0.0107,-0.8097,0.5866 timestamp: 1511955244149
0.0109,0.0102,-0.8014,0.5979 timestamp: 1511955244170
0.0103,0.0097,-0.7936,0.6083 timestamp: 1511955244190
0.0109,0.0099,-0.7861,0.6179 timestamp: 1511955244211
0.0117,0.0104,-0.7784,0.6276 timestamp: 1511955244231
0.0116,0.0102,-0.7707,0.6370 timestamp: 1511955244270
0.0106,0.0090,-0.7624,0.6470 timestamp: 1511955244271
0.0115,0.0097,-0.7534,0.6574 timestamp: 1511955244290
0.0123,0.0103,-0.7446,0.6673 timestamp: 1511955244330
0.0126,0.0103,-0.7368,0.6759 timestamp: 1511955244332
0.0125,0.0099,-0.7227,0.6910 timestamp: 1511955244352
0.0125,0.0097,-0.7129,0.7011 timestamp: 1511955244390
0.0132,0.0104,-0.7017,0.7123 timestamp: 1511955244430
0.0135,0.0107,-0.6903,0.7233 timestamp: 1511955244432
0.0137,0.0106,-0.6790,0.7339 timestamp: 1511955244450
0.0139,0.0106,-0.6690,0.7431 timestamp: 1511955244490
0.0152,0.0117,-0.6607,0.7504 timestamp: 1511955244491
0.0177,0.0142,-0.6526,0.7574 timestamp: 1511955244510
0.0190,0.0155,-0.6439,0.7647 timestamp: 1511955244530
0.0176,0.0137,-0.6340,0.7730 timestamp: 1511955244552
0.0162,0.0119,-0.6241,0.7811 timestamp: 1511955244570
0.0161,0.0117,-0.6148,0.7884 timestamp: 1511955244590
0.0149,0.0101,-0.6073,0.7943 timestamp: 1511955244619
0.0144,0.0093,-0.5990,0.8006 timestamp: 1511955244620
0.0146,0.0093,-0.5913,0.8063 timestamp: 1511955244659
0.0143,0.0090,-0.5781,0.8158 timestamp: 1511955244660
0.0145,0.0091,-0.5701,0.8214 timestamp: 1511955244679
0.0144,0.0092,-0.5624,0.8267 timestamp: 1511955244699
0.0145,0.0090,-0.5518,0.8338 timestamp: 1511955244739
0.0146,0.0092,-0.5417,0.8404 timestamp: 1511955244739
0.0148,0.0094,-0.5339,0.8454 timestamp: 1511955244758
0.0147,0.0092,-0.5251,0.8509 timestamp: 1511955244778
0.0146,0.0090,-0.5171,0.8558 timestamp: 1511955244798
0.0147,0.0088,-0.5122,0.8587 timestamp: 1511955244819
0.0148,0.0089,-0.5072,0.8617 timestamp: 1511955244839
0.0148,0.0088,-0.5021,0.8646 timestamp: 1511955244879
0.0147,0.0086,-0.4972,0.8675 timestamp: 1511955244899
0.0150,0.0089,-0.4935,0.8696 timestamp: 1511955244939
0.0150,0.0088,-0.4912,0.8709 timestamp: 1511955244942
0.0151,0.0088,-0.4893,0.8719 timestamp: 1511955244959
0.0151,0.0087,-0.4840,0.8749 timestamp: 1511955244999
0.0152,0.0087,-0.4779,0.8782 timestamp: 1511955245000
0.0153,0.0087,-0.4717,0.8816 timestamp: 1511955245039
0.0151,0.0082,-0.4654,0.8849 timestamp: 1511955245040
0.0150,0.0081,-0.4612,0.8871 timestamp: 1511955245059
0.0150,0.0079,-0.4561,0.8898 timestamp: 1511955245079
0.0150,0.0078,-0.4512,0.8923 timestamp: 1511955245099
0.0148,0.0073,-0.4459,0.8949 timestamp: 1511955245139
0.0148,0.0072,-0.4435,0.8961 timestamp: 1511955245142
0.0148,0.0071,-0.4421,0.8968 timestamp: 1511955245179
0.0147,0.0069,-0.4399,0.8979 timestamp: 1511955245179
0.0147,0.0068,-0.4392,0.8982 timestamp: 1511955245199
0.0147,0.0068,-0.4390,0.8983 timestamp: 1511955245219
0.0147,0.0068,-0.4390,0.8983 timestamp: 1511955245239
0.0148,0.0069,-0.4391,0.8983 timestamp: 1511955245259
0.0147,0.0065,-0.4393,0.8982 timestamp: 1511955245299
0.0146,0.0062,-0.4406,0.8976 timestamp: 1511955245301
0.0146,0.0063,-0.4455,0.8951 timestamp: 1511955245319
0.0146,0.0062,-0.4506,0.8926 timestamp: 1511955245339
0.0145,0.0061,-0.4557,0.8900 timestamp: 1511955245359
0.0147,0.0065,-0.4607,0.8874 timestamp: 1511955245379
0.0151,0.0072,-0.4660,0.8846 timestamp: 1511955245399
0.0156,0.0082,-0.4705,0.8822 timestamp: 1511955245440
0.0155,0.0077,-0.4746,0.8800 timestamp: 1511955245440
0.0154,0.0075,-0.4794,0.8774 timestamp: 1511955245459
0.0149,0.0074,-0.4867,0.8734 timestamp: 1511955245479
0.0144,0.0066,-0.4955,0.8685 timestamp: 1511955245500
0.0141,0.0064,-0.5049,0.8630 timestamp: 1511955245539
0.0143,0.0068,-0.5130,0.8582 timestamp: 1511955245541
0.0142,0.0068,-0.5212,0.8533 timestamp: 1511955245559
0.0141,0.0068,-0.5336,0.8456 timestamp: 1511955245579
0.0138,0.0066,-0.5419,0.8403 timestamp: 1511955245599
0.0138,0.0068,-0.5513,0.8342 timestamp: 1511955245639
0.0136,0.0066,-0.5605,0.8280 timestamp: 1511955245640
0.0134,0.0065,-0.5684,0.8226 timestamp: 1511955245659
0.0134,0.0062,-0.5798,0.8146 timestamp: 1511955245679
0.0143,0.0052,-0.5919,0.8059 timestamp: 1511955245700
0.0163,0.0040,-0.6037,0.7970 timestamp: 1511955245739
0.0187,0.0031,-0.6161,0.7874 timestamp: 1511955245740
0.0210,0.0026,-0.6278,0.7781 timestamp: 1511955245759
0.0221,0.0029,-0.6393,0.7686 timestamp: 1511955245780
0.0221,0.0037,-0.6505,0.7592 timestamp: 1511955245818
0.0230,0.0046,-0.6623,0.7489 timestamp: 1511955245820
0.0247,0.0048,-0.6732,0.7390 timestamp: 1511955245859
0.0270,0.0033,-0.6817,0.7311 timestamp: 1511955245879
0.0291,0.0029,-0.6910,0.7223 timestamp: 1511955245900
0.0303,0.0030,-0.6996,0.7139 timestamp: 1511955245938
0.0299,0.0029,-0.7076,0.7060 timestamp: 1511955245940
0.0288,0.0031,-0.7152,0.6983 timestamp: 1511955245959
0.0284,0.0042,-0.7222,0.6911 timestamp: 1511955245979
0.0281,0.0058,-0.7266,0.6865 timestamp: 1511955245999
0.0276,0.0078,-0.7305,0.6823 timestamp: 1511955246039
0.0268,0.0092,-0.7350,0.6775 timestamp: 1511955246040
0.0260,0.0092,-0.7408,0.6712 timestamp: 1511955246060
0.0249,0.0085,-0.7476,0.6636 timestamp: 1511955246079
0.0247,0.0089,-0.7548,0.6554 timestamp: 1511955246098
0.0241,0.0089,-0.7612,0.6480 timestamp: 1511955246120
0.0232,0.0082,-0.7684,0.6395 timestamp: 1511955246139
0.0220,0.0076,-0.7763,0.6299 timestamp: 1511955246159
0.0204,0.0074,-0.7813,0.6238 timestamp: 1511955246179
0.0185,0.0080,-0.7859,0.6180 timestamp: 1511955246219
0.0166,0.0094,-0.7891,0.6140 timestamp: 1511955246221
0.0158,0.0113,-0.7921,0.6101 timestamp: 1511955246239
0.0142,0.0117,-0.7962,0.6048 timestamp: 1511955246259
0.0135,0.0119,-0.8009,0.5985 timestamp: 1511955246279
0.0125,0.0117,-0.8065,0.5910 timestamp: 1511955246319
0.0123,0.0116,-0.8118,0.5837 timestamp: 1511955246320
0.0127,0.0118,-0.8168,0.5767 timestamp: 1511955246359
0.0136,0.0123,-0.8219,0.5693 timestamp: 1511955246360
0.0150,0.0129,-0.8270,0.5619 timestamp: 1511955246379
0.0154,0.0132,-0.8307,0.5564 timestamp: 1511955246399
0.0153,0.0139,-0.8361,0.5482 timestamp: 1511955246419
0.0144,0.0138,-0.8418,0.5394 timestamp: 1511955246439
0.0127,0.0128,-0.8476,0.5303 timestamp: 1511955246459
0.0136,0.0133,-0.8502,0.5261 timestamp: 1511955246479
0.0141,0.0138,-0.8529,0.5217 timestamp: 1511955246519
0.0148,0.0143,-0.8543,0.5194 timestamp: 1511955246520
0.0148,0.0144,-0.8552,0.5179 timestamp: 1511955246539
0.0143,0.0140,-0.8557,0.5171 timestamp: 1511955246559
0.0134,0.0135,-0.8560,0.5166 timestamp: 1511955246579
0.0129,0.0133,-0.8560,0.5166 timestamp: 1511955246599
0.0131,0.0135,-0.8575,0.5141 timestamp: 1511955246619
0.0132,0.0135,-0.8570,0.5150 timestamp: 1511955246639
0.0134,0.0136,-0.8558,0.5170 timestamp: 1511955246659
0.0139,0.0140,-0.8550,0.5183 timestamp: 1511955246699
0.0146,0.0144,-0.8533,0.5210 timestamp: 1511955246700
0.0152,0.0145,-0.8519,0.5233 timestamp: 1511955246719
0.0157,0.0146,-0.8510,0.5247 timestamp: 1511955246740
0.0155,0.0136,-0.8474,0.5306 timestamp: 1511955246759
0.0133,0.0117,-0.8441,0.5359 timestamp: 1511955246779
0.0100,0.0093,-0.8401,0.5423 timestamp: 1511955246839
0.0071,0.0070,-0.8357,0.5491 timestamp: 1511955246840
0.0041,0.0039,-0.8311,0.5561 timestamp: 1511955246879
0.0032,0.0021,-0.8257,0.5641 timestamp: 1511955246880
0.0054,0.0024,-0.8195,0.5730 timestamp: 1511955246899
0.0074,0.0026,-0.8135,0.5815 timestamp: 1511955246919
0.0083,0.0020,-0.8073,0.5901 timestamp: 1511955246939
0.0114,0.0032,-0.8001,0.5997 timestamp: 1511955246959
0.0124,0.0029,-0.7918,0.6106 timestamp: 1511955246979
0.0130,0.0013,-0.7837,0.6210 timestamp: 1511955246999
0.0157,0.0012,-0.7744,0.6325 timestamp: 1511955247019
0.0187,0.0024,-0.7658,0.6428 timestamp: 1511955247039
0.0228,0.0047,-0.7573,0.6527 timestamp: 1511955247059
0.0256,0.0032,-0.7459,0.6656 timestamp: 1511955247079
0.0262,0.0019,-0.7378,0.6745 timestamp: 1511955247099
0.0262,0.0020,-0.7284,0.6846 timestamp: 1511955247119
0.0263,0.0030,-0.7203,0.6932 timestamp: 1511955247159
0.0251,0.0028,-0.7131,0.7006 timestamp: 1511955247160
0.0239,0.0020,-0.7049,0.7089 timestamp: 1511955247179
0.0214,0.0005,-0.6963,0.7174 timestamp: 1511955247200
0.0200,0.0008,-0.6879,0.7255 timestamp: 1511955247239
0.0203,0.0017,-0.6788,0.7340 timestamp: 1511955247240
0.0211,0.0022,-0.6685,0.7434 timestamp: 1511955247259
0.0225,0.0020,-0.6589,0.7519 timestamp: 1511955247280
0.0244,0.0016,-0.6482,0.7611 timestamp: 1511955247319
0.0264,0.0025,-0.6392,0.7686 timestamp: 1511955247321
0.0281,0.0046,-0.6302,0.7759 timestamp: 1511955247339
0.0290,0.0063,-0.6205,0.7836 timestamp: 1511955247359
0.0270,0.0059,-0.6056,0.7953 timestamp: 1511955247379
0.0250,0.0074,-0.5972,0.8017 timestamp: 1511955247419
0.0229,0.0104,-0.5888,0.8079 timestamp: 1511955247420
0.0200,0.0132,-0.5850,0.8107 timestamp: 1511955247439
0.0179,0.0158,-0.5772,0.8163 timestamp: 1511955247459
0.0160,0.0166,-0.5697,0.8215 timestamp: 1511955247479
0.0146,0.0171,-0.5631,0.8261 timestamp: 1511955247500
0.0133,0.0212,-0.5569,0.8302 timestamp: 1511955247539
0.0115,0.0250,-0.5496,0.8350 timestamp: 1511955247541
0.0072,0.0209,-0.5436,0.8391 timestamp: 1511955247559
0.0070,0.0184,-0.5408,0.8409 timestamp: 1511955247579
0.0075,0.0171,-0.5355,0.8443 timestamp: 1511955247599
0.0086,0.0172,-0.5286,0.8487 timestamp: 1511955247639
0.0099,0.0162,-0.5229,0.8522 timestamp: 1511955247641
0.0102,0.0155,-0.5211,0.8533 timestamp: 1511955247659
0.0102,0.0157,-0.5196,0.8542 timestamp: 1511955247679
0.0099,0.0153,-0.5177,0.8554 timestamp: 1511955247719
0.0087,0.0142,-0.5146,0.8573 timestamp: 1511955247759
0.0073,0.0132,-0.5101,0.8600 timestamp: 1511955247760
0.0062,0.0079,-0.5079,0.8614 timestamp: 1511955247779
0.0057,0.0056,-0.5046,0.8633 timestamp: 1511955247800
0.0053,0.0046,-0.5037,0.8639 timestamp: 1511955247839
0.0051,0.0029,-0.5030,0.8643 timestamp: 1511955247840
0.0054,0.0021,-0.5024,0.8646 timestamp: 1511955247860
0.0058,0.0026,-0.4998,0.8661 timestamp: 1511955247879
0.0062,0.0037,-0.4978,0.8673 timestamp: 1511955247899
0.0065,0.0031,-0.4955,0.8686 timestamp: 1511955247921
0.0072,0.0004,-0.4938,0.8695 timestamp: 1511955247959
0.0081,0.0018,-0.4946,0.8691 timestamp: 1511955247960
0.0103,0.0030,-0.4956,0.8685 timestamp: 1511955247979
0.0144,0.0029,-0.4978,0.8672 timestamp: 1511955247999
0.0201,0.0022,-0.5017,0.8648 timestamp: 1511955248019
0.0260,0.0016,-0.5062,0.8620 timestamp: 1511955248039
0.0310,0.0005,-0.5111,0.8590 timestamp: 1511955248059
0.0356,0.0013,-0.5164,0.8556 timestamp: 1511955248079
0.0386,0.0030,-0.5218,0.8522 timestamp: 1511955248119
0.0400,0.0032,-0.5272,0.8488 timestamp: 1511955248120
0.0410,0.0010,-0.5332,0.8450 timestamp: 1511955248139
0.0419,0.0002,-0.5396,0.8409 timestamp: 1511955248179
0.0429,0.0027,-0.5457,0.8369 timestamp: 1511955248181
0.0409,0.0036,-0.5503,0.8340 timestamp: 1511955248199
0.0384,0.0050,-0.5572,0.8295 timestamp: 1511955248240
0.0384,0.0042,-0.5628,0.8257 timestamp: 1511955248240
0.0395,0.0024,-0.5685,0.8217 timestamp: 1511955248259
0.0409,0.0005,-0.5749,0.8172 timestamp: 1511955248279
0.0415,-0.0007,-0.5820,0.8121 timestamp: 1511955248319
0.0416,-0.0007,-0.5883,0.8076 timestamp: 1511955248320
0.0406,-0.0013,-0.5966,0.8015 timestamp: 1511955248341
0.0376,-0.0017,-0.6050,0.7953 timestamp: 1511955248379
0.0337,0.0004,-0.6139,0.7887 timestamp: 1511955248380
0.0308,0.0017,-0.6225,0.7820 timestamp: 1511955248399
0.0291,0.0004,-0.6310,0.7752 timestamp: 1511955248419
0.0285,-0.0019,-0.6416,0.7665 timestamp: 1511955248439
0.0266,-0.0034,-0.6496,0.7598 timestamp: 1511955248479
0.0251,-0.0024,-0.6569,0.7536 timestamp: 1511955248480
0.0241,-0.0010,-0.6698,0.7421 timestamp: 1511955248519
0.0229,-0.0013,-0.6777,0.7350 timestamp: 1511955248520
0.0219,-0.0010,-0.6852,0.7280 timestamp: 1511955248539
0.0225,0.0001,-0.6925,0.7211 timestamp: 1511955248559
0.0245,0.0006,-0.7000,0.7137 timestamp: 1511955248579
0.0271,-0.0012,-0.7077,0.7060 timestamp: 1511955248619
0.0281,-0.0045,-0.7156,0.6979 timestamp: 1511955248639
0.0296,-0.0048,-0.7231,0.6901 timestamp: 1511955248680
0.0316,-0.0039,-0.7299,0.6828 timestamp: 1511955248681
0.0334,-0.0046,-0.7366,0.6755 timestamp: 1511955248699
0.0343,-0.0065,-0.7434,0.6679 timestamp: 1511955248739
0.0343,-0.0084,-0.7496,0.6609 timestamp: 1511955248740
0.0341,-0.0098,-0.7555,0.6542 timestamp: 1511955248759
0.0348,-0.0106,-0.7620,0.6466 timestamp: 1511955248779
0.0358,-0.0123,-0.7689,0.6382 timestamp: 1511955248799
0.0359,-0.0142,-0.7767,0.6287 timestamp: 1511955248819
0.0355,-0.0148,-0.7818,0.6223 timestamp: 1511955248839
0.0347,-0.0156,-0.7875,0.6151 timestamp: 1511955248859
0.0345,-0.0150,-0.7930,0.6081 timestamp: 1511955248879
0.0349,-0.0133,-0.7990,0.6002 timestamp: 1511955248899
0.0347,-0.0123,-0.8039,0.5936 timestamp: 1511955248919
0.0354,-0.0109,-0.8084,0.5875 timestamp: 1511955248939
0.0362,-0.0098,-0.8127,0.5815 timestamp: 1511955248980
0.0358,-0.0093,-0.8156,0.5774 timestamp: 1511955248981
0.0354,-0.0087,-0.8171,0.5753 timestamp: 1511955249019
0.0349,-0.0091,-0.8183,0.5737 timestamp: 1511955249020
0.0351,-0.0102,-0.8199,0.5713 timestamp: 1511955249039
0.0359,-0.0098,-0.8223,0.5678 timestamp: 1511955249079
0.0365,-0.0084,-0.8231,0.5667 timestamp: 1511955249080
0.0364,-0.0071,-0.8234,0.5662 timestamp: 1511955249099
0.0343,-0.0062,-0.8246,0.5646 timestamp: 1511955249139
0.0310,-0.0079,-0.8259,0.5629 timestamp: 1511955249140
0.0283,-0.0080,-0.8281,0.5598 timestamp: 1511955249169
0.0269,-0.0063,-0.8295,0.5578 timestamp: 1511955249189
0.0243,-0.0056,-0.8297,0.5577 timestamp: 1511955249209
0.0216,-0.0043,-0.8298,0.5576 timestamp: 1511955249229
0.0193,-0.0028,-0.8294,0.5583 timestamp: 1511955249249
0.0169,-0.0021,-0.8292,0.5587 timestamp: 1511955249269
0.0145,-0.0017,-0.8286,0.5597 timestamp: 1511955249310
0.0127,-0.0005,-0.8283,0.5601 timestamp: 1511955249311
0.0126,0.0030,-0.8282,0.5603 timestamp: 1511955249349
0.0116,0.0064,-0.8286,0.5597 timestamp: 1511955249352
0.0106,0.0107,-0.8293,0.5586 timestamp: 1511955249389
0.0103,0.0142,-0.8292,0.5587 timestamp: 1511955249390