0.0091,0.0129,-0.8471,0.5312 timestamp: 1511956247540
0.0091,0.0128,-0.8472,0.5310 timestamp: 1511956247560
0.0091,0.0128,-0.8472,0.5310 timestamp: 1511956247580
0.0091,0.0127,-0.8471,0.5312 timestamp: 1511956247601
0.0091,0.0126,-0.8468,0.5317 timestamp: 1511956247621
0.0091,0.0126,-0.8467,0.5318 timestamp: 1511956247641
0.0092,0.0126,-0.8464,0.5323 timestamp: 1511956247661
0.0092,0.0126,-0.8462,0.5326 timestamp: 1511956247680
0.0093,0.0126,-0.8461,0.5328 timestamp: 1511956247700
0.0093,0.0126,-0.8458,0.5333 timestamp: 1511956247721
0.0093,0.0126,-0.8457,0.5334 timestamp: 1511956247741
0.0093,0.0126,-0.8456,0.5336 timestamp: 1511956247761
0.0093,0.0125,-0.8456,0.5336 timestamp: 1511956247782
0.0093,0.0125,-0.8459,0.5331 timestamp: 1511956247820
0.0094,0.0125,-0.8456,0.5336 timestamp: 1511956247821
0.0094,0.0125,-0.8453,0.5341 timestamp: 1511956247841
0.0094,0.0125,-0.8451,0.5344 timestamp: 1511956247880
0.0095,0.0126,-0.8450,0.5345 timestamp: 1511956247883
0.0095,0.0125,-0.8445,0.5353 timestamp: 1511956247902
0.0095,0.0125,-0.8442,0.5358 timestamp: 1511956247921
0.0095,0.0124,-0.8442,0.5358 timestamp: 1511956247941
0.0095,0.0124,-0.8443,0.5356 timestamp: 1511956247981
0.0096,0.0124,-0.8442,0.5358 timestamp: 1511956247982
0.0096,0.0124,-0.8439,0.5363 timestamp: 1511956248001
0.0095,0.0124,-0.8437,0.5366 timestamp: 1511956248042
0.0096,0.0124,-0.8436,0.5367 timestamp: 1511956248043
0.0096,0.0124,-0.8437,0.5366 timestamp: 1511956248081
0.0096,0.0123,-0.8438,0.5364 timestamp: 1511956248082
0.0095,0.0123,-0.8439,0.5363 timestamp: 1511956248101
0.0095,0.0123,-0.8440,0.5361 timestamp: 1511956248142
0.0095,0.0123,-0.8438,0.5364 timestamp: 1511956248143
0.0095,0.0123,-0.8437,0.5366 timestamp: 1511956248160
0.0095,0.0122,-0.8439,0.5363 timestamp: 1511956248182
0.0095,0.0122,-0.8441,0.5360 timestamp: 1511956248201
0.0095,0.0122,-0.8441,0.5360 timestamp: 1511956248222
0.0095,0.0122,-0.8440,0.5361 timestamp: 1511956248243
0.0098,0.0121,-0.8440,0.5361 timestamp: 1511956248281
0.0098,0.0120,-0.8440,0.5361 timestamp: 1511956248300
0.0098,0.0121,-0.8438,0.5364 timestamp: 1511956248321
0.0098,0.0120,-0.8434,0.5371 timestamp: 1511956248342
0.0098,0.0121,-0.8433,0.5372 timestamp: 1511956248381
0.0098,0.0121,-0.8430,0.5377 timestamp: 1511956248382
0.0099,0.0122,-0.8423,0.5388 timestamp: 1511956248401
0.0101,0.0123,-0.8416,0.5399 timestamp: 1511956248421
0.0104,0.0124,-0.8405,0.5416 timestamp: 1511956248442
0.0105,0.0123,-0.8394,0.5433 timestamp: 1511956248481
0.0105,0.0123,-0.8378,0.5457 timestamp: 1511956248482
0.0106,0.0123,-0.8362,0.5482 timestamp: 1511956248502
0.0106,0.0123,-0.8343,0.5511 timestamp: 1511956248521
0.0107,0.0122,-0.8322,0.5542 timestamp: 1511956248544
0.0109,0.0123,-0.8299,0.5577 timestamp: 1511956248561
0.0111,0.0124,-0.8276,0.5611 timestamp: 1511956248582
0.0111,0.0124,-0.8252,0.5646 timestamp: 1511956248620
0.0113,0.0124,-0.8230,0.5678 timestamp: 1511956248621
0.0117,0.0125,-0.8209,0.5708 timestamp: 1511956248641
0.0130,0.0133,-0.8194,0.5729 timestamp: 1511956248681
0.0145,0.0143,-0.8167,0.5767 timestamp: 1511956248681
0.0136,0.0138,-0.8143,0.5801 timestamp: 1511956248721
0.0124,0.0129,-0.8114,0.5842 timestamp: 1511956248722
0.0121,0.0127,-0.8082,0.5886 timestamp: 1511956248740
0.0125,0.0130,-0.8053,0.5926 timestamp: 1511956248761
0.0133,0.0136,-0.8028,0.5959 timestamp: 1511956248782
0.0137,0.0139,-0.8003,0.5993 timestamp: 1511956248802
0.0126,0.0130,-0.7974,0.6032 timestamp: 1511956248842
0.0127,0.0129,-0.7943,0.6073 timestamp: 1511956248843
0.0129,0.0131,-0.7908,0.6118 timestamp: 1511956248882
0.0134,0.0134,-0.7872,0.6164 timestamp: 1511956248885
0.0133,0.0132,-0.7839,0.6206 timestamp: 1511956248902
0.0136,0.0133,-0.7800,0.6255 timestamp: 1511956248942
0.0138,0.0136,-0.7765,0.6298 timestamp: 1511956248945
0.0132,0.0132,-0.7706,0.6370 timestamp: 1511956248961
0.0127,0.0125,-0.7670,0.6414 timestamp: 1511956248980
0.0133,0.0129,-0.7640,0.6450 timestamp: 1511956249001
0.0135,0.0130,-0.7615,0.6479 timestamp: 1511956249020
0.0141,0.0134,-0.7594,0.6503 timestamp: 1511956249041
0.0144,0.0136,-0.7582,0.6517 timestamp: 1511956249062
0.0145,0.0137,-0.7576,0.6524 timestamp: 1511956249100
0.0145,0.0136,-0.7571,0.6530 timestamp: 1511956249101
0.0146,0.0137,-0.7572,0.6529 timestamp: 1511956249140
0.0145,0.0136,-0.7582,0.6517 timestamp: 1511956249160
0.0144,0.0135,-0.7591,0.6507 timestamp: 1511956249200
0.0143,0.0135,-0.7597,0.6500 timestamp: 1511956249202
0.0136,0.0130,-0.7608,0.6487 timestamp: 1511956249220
0.0135,0.0129,-0.7621,0.6472 timestamp: 1511956249240
0.0142,0.0135,-0.7644,0.6444 timestamp: 1511956249261
0.0147,0.0140,-0.7656,0.6430 timestamp: 1511956249282
0.0155,0.0146,-0.7672,0.6411 timestamp: 1511956249320
0.0168,0.0156,-0.7690,0.6388 timestamp: 1511956249321
0.0183,0.0169,-0.7706,0.6368 timestamp: 1511956249341
0.0197,0.0180,-0.7724,0.6346 timestamp: 1511956249361
0.0210,0.0190,-0.7748,0.6316 timestamp: 1511956249383
0.0210,0.0190,-0.7771,0.6287 timestamp: 1511956249402
0.0202,0.0183,-0.7789,0.6266 timestamp: 1511956249442
0.0194,0.0177,-0.7809,0.6241 timestamp: 1511956249444
0.0186,0.0170,-0.7828,0.6218 timestamp: 1511956249462
0.0175,0.0161,-0.7845,0.6197 timestamp: 1511956249501
0.0162,0.0150,-0.7864,0.6173 timestamp: 1511956249502
0.0155,0.0145,-0.7900,0.6127 timestamp: 1511956249520
0.0157,0.0146,-0.7929,0.6090 timestamp: 1511956249541
0.0169,0.0155,-0.7960,0.6049 timestamp: 1511956249581
0.0178,0.0162,-0.7993,0.6005 timestamp: 1511956249582
0.0185,0.0167,-0.8027,0.5959 timestamp: 1511956249600
0.0193,0.0173,-0.8063,0.5909 timestamp: 1511956249620
0.0200,0.0178,-0.8101,0.5857 timestamp: 1511956249640
0.0205,0.0181,-0.8144,0.5797 timestamp: 1511956249660
0.0212,0.0186,-0.8193,0.5727 timestamp: 1511956249680
0.0222,0.0192,-0.8240,0.5658 timestamp: 1511956249700
0.0241,0.0205,-0.8282,0.5595 timestamp: 1511956249721
0.0250,0.0210,-0.8327,0.5528 timestamp: 1511956249740
0.0245,0.0205,-0.8374,0.5457 timestamp: 1511956249760
0.0243,0.0202,-0.8421,0.5384 timestamp: 1511956249780
0.0242,0.0201,-0.8491,0.5273 timestamp: 1511956249821
0.0236,0.0196,-0.8534,0.5204 timestamp: 1511956249821
0.0230,0.0191,-0.8567,0.5149 timestamp: 1511956249840
0.0242,0.0198,-0.8594,0.5103 timestamp: 1511956249861
0.0260,0.0209,-0.8623,0.5053 timestamp: 1511956249881
0.0279,0.0220,-0.8647,0.5010 timestamp: 1511956249920
0.0301,0.0231,-0.8676,0.4958 timestamp: 1511956249921
0.0322,0.0240,-0.8707,0.4902 timestamp: 1511956249940
0.0336,0.0242,-0.8733,0.4854 timestamp: 1511956249960
0.0341,0.0235,-0.8760,0.4805 timestamp: 1511956250002
0.0349,0.0236,-0.8787,0.4755 timestamp: 1511956250020
0.0361,0.0246,-0.8815,0.4702 timestamp: 1511956250040
0.0376,0.0255,-0.8844,0.4645 timestamp: 1511956250061
0.0389,0.0258,-0.8878,0.4579 timestamp: 1511956250081
0.0414,0.0264,-0.8933,0.4468 timestamp: 1511956250121
0.0421,0.0264,-0.8968,0.4396 timestamp: 1511956250122
0.0409,0.0249,-0.9003,0.4326 timestamp: 1511956250140
0.0409,0.0248,-0.9039,0.4251 timestamp: 1511956250160
0.0423,0.0259,-0.9072,0.4178 timestamp: 1511956250180
0.0442,0.0270,-0.9102,0.4109 timestamp: 1511956250200
0.0457,0.0272,-0.9134,0.4036 timestamp: 1511956250241
0.0467,0.0268,-0.9165,0.3964 timestamp: 1511956250242
0.0479,0.0273,-0.9187,0.3911 timestamp: 1511956250260
0.0489,0.0282,-0.9209,0.3857 timestamp: 1511956250280
0.0488,0.0285,-0.9230,0.3806 timestamp: 1511956250320
0.0476,0.0284,-0.9252,0.3754 timestamp: 1511956250321
0.0457,0.0285,-0.9273,0.3704 timestamp: 1511956250340
0.0409,0.0265,-0.9301,0.3641 timestamp: 1511956250380
0.0386,0.0251,-0.9317,0.3603 timestamp: 1511956250382
0.0373,0.0244,-0.9331,0.3568 timestamp: 1511956250400
0.0376,0.0244,-0.9336,0.3555 timestamp: 1511956250421
0.0396,0.0252,-0.9328,0.3573 timestamp: 1511956250440
0.0419,0.0263,-0.9319,0.3593 timestamp: 1511956250480
0.0445,0.0276,-0.9317,0.3594 timestamp: 1511956250481
0.0465,0.0279,-0.9319,0.3586 timestamp: 1511956250500
0.0487,0.0280,-0.9318,0.3586 timestamp: 1511956250520
0.0511,0.0279,-0.9313,0.3596 timestamp: 1511956250540
0.0534,0.0279,-0.9305,0.3613 timestamp: 1511956250560
0.0554,0.0286,-0.9292,0.3643 timestamp: 1511956250600
0.0578,0.0297,-0.9277,0.3676 timestamp: 1511956250604
0.0596,0.0305,-0.9264,0.3705 timestamp: 1511956250641
0.0603,0.0300,-0.9249,0.3742 timestamp: 1511956250641
0.0613,0.0293,-0.9221,0.3809 timestamp: 1511956250680
0.0623,0.0296,-0.9194,0.3872 timestamp: 1511956250681
0.0641,0.0310,-0.9163,0.3941 timestamp: 1511956250700
0.0653,0.0320,-0.9137,0.3998 timestamp: 1511956250720
0.0651,0.0317,-0.9110,0.4060 timestamp: 1511956250741
0.0636,0.0305,-0.9082,0.4126 timestamp: 1511956250760
0.0622,0.0295,-0.9055,0.4187 timestamp: 1511956250780
0.0621,0.0299,-0.9027,0.4247 timestamp: 1511956250800
0.0619,0.0302,-0.9001,0.4302 timestamp: 1511956250820
0.0607,0.0295,-0.8976,0.4356 timestamp: 1511956250840
0.0594,0.0290,-0.8950,0.4411 timestamp: 1511956250880
0.0580,0.0286,-0.8925,0.4464 timestamp: 1511956250920
0.0569,0.0284,-0.8901,0.4513 timestamp: 1511956250923
0.0556,0.0279,-0.8874,0.4568 timestamp: 1511956250940
0.0547,0.0277,-0.8837,0.4640 timestamp: 1511956250961
0.0547,0.0283,-0.8816,0.4680 timestamp: 1511956251001
0.0539,0.0282,-0.8788,0.4733 timestamp: 1511956251002
0.0527,0.0284,-0.8756,0.4793 timestamp: 1511956251041
0.0519,0.0298,-0.8725,0.4849 timestamp: 1511956251042
0.0506,0.0305,-0.8690,0.4913 timestamp: 1511956251080
0.0494,0.0311,-0.8653,0.4978 timestamp: 1511956251081
0.0481,0.0309,-0.8616,0.5044 timestamp: 1511956251120
0.0469,0.0306,-0.8581,0.5104 timestamp: 1511956251124
0.0466,0.0309,-0.8545,0.5164 timestamp: 1511956251140
0.0467,0.0316,-0.8506,0.5228 timestamp: 1511956251180
0.0461,0.0309,-0.8463,0.5298 timestamp: 1511956251181
0.0454,0.0299,-0.8420,0.5367 timestamp: 1511956251200
0.0447,0.0291,-0.8376,0.5437 timestamp: 1511956251240
0.0438,0.0290,-0.8302,0.5550 timestamp: 1511956251241
0.0429,0.0289,-0.8247,0.5632 timestamp: 1511956251281
0.0414,0.0283,-0.8194,0.5710 timestamp: 1511956251282
0.0389,0.0270,-0.8136,0.5795 timestamp: 1511956251300
0.0369,0.0268,-0.8082,0.5871 timestamp: 1511956251320
0.0350,0.0265,-0.8036,0.5935 timestamp: 1511956251340
0.0325,0.0250,-0.7993,0.5995 timestamp: 1511956251360
0.0312,0.0246,-0.7935,0.6073 timestamp: 1511956251381
0.0307,0.0244,-0.7875,0.6151 timestamp: 1511956251421
0.0308,0.0240,-0.7826,0.6213 timestamp: 1511956251421
0.0318,0.0247,-0.7783,0.6266 timestamp: 1511956251440
0.0328,0.0250,-0.7754,0.6301 timestamp: 1511956251460
0.0343,0.0260,-0.7728,0.6332 timestamp: 1511956251480
0.0355,0.0268,-0.7700,0.6365 timestamp: 1511956251520
0.0358,0.0275,-0.7663,0.6409 timestamp: 1511956251521
0.0350,0.0277,-0.7643,0.6433 timestamp: 1511956251540
0.0339,0.0281,-0.7628,0.6451 timestamp: 1511956251581
0.0327,0.0285,-0.7610,0.6473 timestamp: 1511956251581
0.0314,0.0272,-0.7595,0.6492 timestamp: 1511956251600
0.0311,0.0270,-0.7584,0.6505 timestamp: 1511956251620
0.0311,0.0269,-0.7578,0.6512 timestamp: 1511956251640
0.0310,0.0267,-0.7573,0.6518 timestamp: 1511956251680
0.0311,0.0269,-0.7576,0.6514 timestamp: 1511956251681
0.0321,0.0279,-0.7589,0.6498 timestamp: 1511956251700
0.0341,0.0299,-0.7603,0.6480 timestamp: 1511956251720
0.0360,0.0318,-0.7623,0.6454 timestamp: 1511956251740
0.0374,0.0331,-0.7643,0.6429 timestamp: 1511956251760
0.0385,0.0332,-0.7672,0.6394 timestamp: 1511956251800
0.0404,0.0346,-0.7703,0.6355 timestamp: 1511956251840
0.0421,0.0352,-0.7741,0.6307 timestamp: 1511956251842
0.0422,0.0345,-0.7764,0.6279 timestamp: 1511956251880
0.0436,0.0354,-0.7787,0.6249 timestamp: 1511956251882
0.0460,0.0372,-0.7810,0.6217 timestamp: 1511956251902
0.0487,0.0391,-0.7839,0.6177 timestamp: 1511956251920
0.0513,0.0406,-0.7870,0.6135 timestamp: 1511956251941
0.0536,0.0417,-0.7903,0.6089 timestamp: 1511956251980
0.0550,0.0416,-0.7937,0.6044 timestamp: 1511956251981
0.0563,0.0423,-0.7971,0.5997 timestamp: 1511956252000
0.0575,0.0438,-0.8003,0.5952 timestamp: 1511956252021
0.0576,0.0439,-0.8033,0.5912 timestamp: 1511956252040
0.0571,0.0434,-0.8060,0.5876 timestamp: 1511956252081
0.0564,0.0425,-0.8088,0.5838 timestamp: 1511956252082
0.0558,0.0417,-0.8117,0.5799 timestamp: 1511956252120
0.0561,0.0424,-0.8160,0.5738 timestamp: 1511956252122
0.0555,0.0416,-0.8184,0.5704 timestamp: 1511956252141
0.0546,0.0402,-0.8214,0.5663 timestamp: 1511956252161
0.0536,0.0383,-0.8242,0.5625 timestamp: 1511956252200
0.0529,0.0370,-0.8269,0.5586 timestamp: 1511956252201
0.0527,0.0362,-0.8300,0.5541 timestamp: 1511956252220
0.0522,0.0343,-0.8333,0.5493 timestamp: 1511956252240
0.0520,0.0325,-0.8369,0.5439 timestamp: 1511956252261
0.0514,0.0306,-0.8412,0.5374 timestamp: 1511956252280
0.0507,0.0287,-0.8451,0.5314 timestamp: 1511956252300
0.0498,0.0271,-0.8490,0.5253 timestamp: 1511956252321
0.0485,0.0253,-0.8533,0.5185 timestamp: 1511956252340
0.0477,0.0242,-0.8576,0.5115 timestamp: 1511956252380
0.0474,0.0244,-0.8632,0.5020 timestamp: 1511956252382
0.0465,0.0241,-0.8668,0.4959 timestamp: 1511956252400
0.0462,0.0244,-0.8700,0.4903 timestamp: 1511956252420
0.0470,0.0256,-0.8728,0.4851 timestamp: 1511956252440
0.0475,0.0264,-0.8755,0.4802 timestamp: 1511956252460
0.0479,0.0270,-0.8784,0.4748 timestamp: 1511956252480
0.0483,0.0274,-0.8808,0.4702 timestamp: 1511956252500
0.0488,0.0274,-0.8836,0.4649 timestamp: 1511956252520
0.0492,0.0274,-0.8864,0.4595 timestamp: 1511956252540
0.0496,0.0273,-0.8880,0.4563 timestamp: 1511956252560
0.0501,0.0272,-0.8895,0.4534 timestamp: 1511956252580
0.0510,0.0271,-0.8910,0.4503 timestamp: 1511956252600
0.0520,0.0272,-0.8930,0.4462 timestamp: 1511956252641
0.0525,0.0273,-0.8949,0.4423 timestamp: 1511956252680
0.0526,0.0274,-0.8970,0.4380 timestamp: 1511956252681
0.0522,0.0276,-0.8981,0.4358 timestamp: 1511956252701
0.0516,0.0276,-0.8989,0.4342 timestamp: 1511956252720
0.0524,0.0288,-0.8995,0.4328 timestamp: 1511956252741
0.0526,0.0297,-0.9003,0.4311 timestamp: 1511956252781
0.0507,0.0289,-0.9012,0.4295 timestamp: 1511956252781
0.0484,0.0281,-0.9015,0.4291 timestamp: 1511956252800
0.0469,0.0278,-0.9015,0.4293 timestamp: 1511956252820
0.0463,0.0280,-0.9014,0.4296 timestamp: 1511956252841
0.0458,0.0278,-0.9010,0.4305 timestamp: 1511956252880
0.0456,0.0277,-0.9004,0.4318 timestamp: 1511956252881
0.0453,0.0278,-0.8996,0.4335 timestamp: 1511956252900
0.0441,0.0275,-0.8986,0.4357 timestamp: 1511956252921
0.0418,0.0269,-0.8973,0.4386 timestamp: 1511956252962
0.0405,0.0265,-0.8962,0.4410 timestamp: 1511956252964
0.0392,0.0258,-0.8951,0.4434 timestamp: 1511956252981
0.0383,0.0252,-0.8937,0.4463 timestamp: 1511956253001
0.0379,0.0250,-0.8924,0.4490 timestamp: 1511956253020
0.0380,0.0251,-0.8908,0.4521 timestamp: 1511956253041
0.0383,0.0253,-0.8889,0.4558 timestamp: 1511956253081
0.0381,0.0249,-0.8868,0.4599 timestamp: 1511956253082
0.0383,0.0245,-0.8851,0.4632 timestamp: 1511956253100
0.0390,0.0248,-0.8833,0.4665 timestamp: 1511956253120
0.0388,0.0245,-0.8810,0.4709 timestamp: 1511956253140
0.0381,0.0237,-0.8784,0.4758 timestamp: 1511956253180
0.0392,0.0244,-0.8758,0.4805 timestamp: 1511956253183
0.0407,0.0252,-0.8731,0.4852 timestamp: 1511956253200
0.0416,0.0254,-0.8704,0.4899 timestamp: 1511956253220
0.0440,0.0270,-0.8660,0.4974 timestamp: 1511956253241
0.0458,0.0286,-0.8632,0.5020 timestamp: 1511956253280
0.0470,0.0293,-0.8606,0.5063 timestamp: 1511956253282
0.0474,0.0290,-0.8579,0.5108 timestamp: 1511956253300
0.0481,0.0290,-0.8544,0.5166 timestamp: 1511956253320
0.0491,0.0292,-0.8508,0.5224 timestamp: 1511956253340
0.0494,0.0296,-0.8473,0.5280 timestamp: 1511956253360
0.0489,0.0296,-0.8441,0.5331 timestamp: 1511956253400
0.0478,0.0296,-0.8404,0.5390 timestamp: 1511956253401
0.0464,0.0296,-0.8366,0.5450 timestamp: 1511956253420
0.0442,0.0290,-0.8325,0.5515 timestamp: 1511956253440
0.0414,0.0282,-0.8286,0.5576 timestamp: 1511956253461
0.0394,0.0285,-0.8253,0.5626 timestamp: 1511956253501
0.0370,0.0276,-0.8215,0.5683 timestamp: 1511956253502
0.0338,0.0256,-0.8172,0.5748 timestamp: 1511956253520
0.0325,0.0245,-0.8151,0.5779 timestamp: 1511956253541
0.0311,0.0235,-0.8132,0.5807 timestamp: 1511956253601
0.0297,0.0223,-0.8116,0.5830 timestamp: 1511956253604
0.0287,0.0214,-0.8103,0.5849 timestamp: 1511956253641
0.0278,0.0207,-0.8093,0.5864 timestamp: 1511956253642
0.0269,0.0200,-0.8085,0.5875 timestamp: 1511956253680
0.0265,0.0196,-0.8070,0.5896 timestamp: 1511956253681
0.0259,0.0191,-0.8058,0.5913 timestamp: 1511956253700
0.0251,0.0184,-0.8039,0.5939 timestamp: 1511956253720
0.0247,0.0180,-0.8021,0.5964 timestamp: 1511956253742
0.0241,0.0174,-0.7998,0.5995 timestamp: 1511956253761
0.0232,0.0166,-0.7980,0.6020 timestamp: 1511956253800
0.0226,0.0160,-0.7959,0.6048 timestamp: 1511956253802
0.0220,0.0156,-0.7951,0.6059 timestamp: 1511956253821
0.0216,0.0153,-0.7946,0.6066 timestamp: 1511956253840
0.0213,0.0150,-0.7945,0.6067 timestamp: 1511956253860
0.0188,0.0132,-0.7945,0.6068 timestamp: 1511956253880
0.0175,0.0122,-0.7940,0.6075 timestamp: 1511956253900
0.0142,0.0099,-0.7930,0.6090 timestamp: 1511956253921
0.0129,0.0089,-0.7926,0.6095 timestamp: 1511956253940
0.0129,0.0089,-0.7923,0.6099 timestamp: 1511956253960
0.0127,0.0088,-0.7915,0.6110 timestamp: 1511956253981
0.0126,0.0087,-0.7904,0.6124 timestamp: 1511956254001
0.0125,0.0087,-0.7890,0.6142 timestamp: 1511956254042
0.0125,0.0086,-0.7880,0.6155 timestamp: 1511956254042
0.0123,0.0085,-0.7874,0.6163 timestamp: 1511956254081
0.0121,0.0083,-0.7867,0.6172 timestamp: 1511956254082
0.0122,0.0084,-0.7863,0.6177 timestamp: 1511956254101
0.0125,0.0086,-0.7859,0.6182 timestamp: 1511956254121
0.0125,0.0086,-0.7856,0.6185 timestamp: 1511956254143
0.0125,0.0086,-0.7853,0.6189 timestamp: 1511956254161
0.0125,0.0086,-0.7849,0.6194 timestamp: 1511956254181
0.0125,0.0086,-0.7847,0.6197 timestamp: 1511956254201
0.0126,0.0086,-0.7844,0.6201 timestamp: 1511956254241
0.0125,0.0086,-0.7844,0.6201 timestamp: 1511956254242
0.0125,0.0087,-0.7848,0.6196 timestamp: 1511956254261
0.0125,0.0087,-0.7850,0.6193 timestamp: 1511956254301
0.0125,0.0087,-0.7852,0.6191 timestamp: 1511956254304
0.0125,0.0088,-0.7855,0.6187 timestamp: 1511956254321
0.0127,0.0090,-0.7861,0.6179 timestamp: 1511956254342
0.0146,0.0104,-0.7865,0.6173 timestamp: 1511956254380
0.0123,0.0087,-0.7867,0.6172 timestamp: 1511956254381